143
5483 20
471 61410 64670 43895 71115 56583 54838 90682 6052 19870 58692 79057 72869 27152 3007 48618 70522 85428 31651 53064
5222 19
80462 41400 54397 10641 87267 98254 59049 17264 68892 83599 59752 9465 26173 97060 76267 93170 4876 48701 24693
4032 16
62227 59059 75291 92981 51048 68112 35908 32155 40324 66853 14852 7520 96724 52001 20194 42375
5183 16
15272 45499 77213 16578 12674 87588 40603 30363 98307 96415 67503 34946 4666 58191 1046 15475
6937 20
47247 80846 36164 97743 63659 60107 85692 33859 15426 26012 90470 2814 96138 64550 20272 89923 62652 44769 62072 6552
8633 18
67844 44818 71976 24125 8506 9625 39974 98111 66129 65450 45900 6963 46064 24477 53911 46131 38962 31777
6559 15
99683 20328 85010 59253 69005 77860 79197 63406 54466 79134 16951 42056 32993 43420 60536
1470 16
23366 80351 65082 14903 88669 95132 11762 40701 76277 50506 12250 58597 42391 55394 25241 91232
2074 17
34582 72944 26233 59350 9542 97607 11830 69436 93740 99422 44979 65019 22159 96591 98036 9539 51412
4724 10
84899 70830 45997 30970 89948 93002 61668 88888 27207 10120
5133 17
64838 28588 26207 99482 39849 20136 93696 38288 48956 10317 96547 58590 14061 17263 11041 6293 92591
1459 11
45499 51146 22510 935 70489 37665 27701 43644 31858 1646 78474
6309 20
82507 87322 80460 11607 45999 38955 75658 93976 21737 86093 96428 79448 14653 17753 26640 38032 48809 95246 95180 63596
5250 16
3481 53617 87580 77412 36612 7011 31086 71929 62578 87670 53051 86246 29546 95426 16310 49622
6829 19
74908 54721 9010 27337 60881 83846 45522 60934 25090 6498 68828 2609 29348 11981 69860 52615 50086 34523 11544
2376 19
20487 5633 88182 54962 12138 75624 15707 24430 91467 98333 10170 52992 49492 42899 37443 93898 23742 77479 1632
443 17
87797 64990 37035 3727 5945 95909 42772 21264 33760 33594 41537 85483 95877 76426 86652 10909 37258
6934 13
48481 98240 61838 74367 16373 32950 71508 86885 53983 24894 31381 8692 37761
1491 10
26376 64376 46948 40610 89224 32804 72736 36866 40304 52258
9298 18
54793 33256 58005 30363 36779 73334 15972 62084 47822 55680 69121 72773 39454 70235 69516 34485 26414 31280
2898 13
4151 27128 3733 39434 26924 18833 31889 15175 73496 8979 69486 40590 96321
311 16
99037 51679 25499 61621 90667 14278 9234 77658 294 37806 62846 12715 81915 98158 16057 23380
1955 16
47635 85930 76191 63577 12622 13105 59067 18445 29199 33254 43861 83997 82553 34815 23107 83672
9286 19
26395 87900 86477 66849 50225 26962 44411 43336 11219 12145 5441 4490 4073 27276 33249 91755 61292 78822 99937
1131 16
27654 59249 1711 29938 10202 46634 76179 57994 77562 84936 77825 51954 90313 63375 84751 48814
9738 12
40248 67808 61396 57908 5879 65988 99559 49316 90910 91283 61321 77572
2386 13
29437 99353 17124 68008 75001 3100 71459 75808 79983 82456 35659 74830 59997
4 12
89089 50423 75782 24927 84490 7521 39112 88055 7431 3437 14116 16808
6732 20
68300 63448 51248 64978 18926 28875 93576 41210 15518 54041 13724 5703 20435 42076 73562 1786 6926 11427 29216 8321
7046 16
80987 68407 20076 59209 90356 78957 19097 86474 25156 9189 97324 12637 78128 47103 57174 3432
5992 19
79453 72864 35818 76410 96542 63560 48718 93708 70214 33392 9899 56265 13735 25656 84303 60611 43879 97239 10937
601 11
35850 55818 67317 94757 26911 71690 5774 77085 89734 63440 41848
1207 16
79181 57280 97222 74174 13873 38583 29096 48526 49805 80465 70794 54540 46375 39224 76575 80714
6459 19
81297 81837 61506 73898 19844 41535 53526 18836 50834 57409 31750 98174 62132 39579 85041 13996 75329 89102 75475
8064 11
61941 89668 52746 68566 96068 41236 62486 76477 84173 65211 42075
8176 13
57667 9621 899 91599 18106 44656 42862 40020 14198 16290 86706 14628 16355
6866 15
25496 9448 64764 31645 91843 5166 8553 30622 55404 79346 65174 91368 4819 98480 91496
8463 12
28120 48924 98328 97791 81485 5600 85826 62583 12765 27624 28102 6843
5959 20
82786 7456 30054 80143 38771 32423 35526 63552 35242 46878 77538 43306 96085 55488 72923 73741 87472 99849 46385 77394
9882 11
58055 92736 407 87633 95506 34929 67493 58916 11092 21506 88230
8856 18
9159 40028 52675 51397 10002 93358 30784 73870 22168 24370 84352 92966 89133 11143 48490 11056 22229 38140
3931 10
71748 28675 61412 93226 37479 934 91009 94255 79350 51555
1555 18
84057 22605 10250 16113 54372 83990 6024 35507 93744 59340 57008 6096 11313 13741 4985 23692 21476 43350
4166 13
69496 76300 7037 528 30460 54322 80654 30910 32465 2875 855 52657 87852
369 20
68137 13634 9741 9739 92968 78547 74289 26625 77410 42756 30841 72504 51246 32053 79272 35058 15393 6355 5709 3212
9146 10
3122 72429 39507 41164 22583 67219 89996 85927 98259 16783
3269 10
91649 26409 76348 97599 87766 10512 9269 4228 90162 74819
3556 13
94722 21007 3563 50333 73588 47632 52999 63910 8144 48648 23675 65954 92042
8079 16
42415 78690 82065 61137 12234 14251 18718 40346 81894 8205 35705 88329 41092 7197 78175 21614
5434 14
27595 42230 11018 90886 24010 88996 59957 24601 303 76683 11851 79426 89994 47199
9632 13
11726 80027 30482 50180 31243 56254 80952 93968 47147 30694 91243 8537 87415
8980 19
62517 51046 89104 33813 89455 94757 31898 87720 59705 47794 82184 93758 40741 71553 19127 38563 3363 66435 10443
822 13
8699 922 83102 22919 99608 80095 77822 36123 70989 77812 13934 9044 44944
1568 14
97741 59420 89399 91789 42221 34664 88410 88676 97471 28304 11564 4870 43656 53185
4730 18
49594 10529 76599 66066 22078 87813 76991 33724 40011 67578 70758 60736 68770 58981 70749 31199 60544 9219
1678 13
8723 77147 81415 22522 88823 32136 6096 90171 64248 25878 77902 4577 68073
2395 10
84645 65485 32028 29566 55498 48699 37167 56459 22713 78730
989 10
80545 34191 20534 24957 37938 52770 80725 57504 77558 49599
6038 15
47571 13308 29502 82626 42732 87232 27151 55969 12651 5541 22669 13630 8411 59852 74830
3444 14
37457 44469 82303 48528 58910 28590 68979 36044 41648 69317 39250 98937 17112 80839
8252 20
15644 24053 1999 43887 22870 37139 75849 95482 36026 48007 70777 41332 23250 36571 62528 7933 82089 29847 3773 66036
8271 17
33605 27268 61303 16730 44183 69288 731 33601 20084 90792 64460 14089 1093 39229 66393 25088 35131
3204 18
50962 5345 27379 80223 18318 26784 77101 1557 73931 31727 72901 50599 89802 19656 38322 24222 51307 90596
6299 12
26214 34082 70426 5192 88770 27430 26663 11206 19280 92565 756 37835
5679 12
11571 36692 76256 78727 73192 67779 82716 91102 3053 26720 9884 43007
619 18
65213 32558 62088 56635 90525 60621 21046 28694 40418 93396 19497 94035 69605 5153 29412 73884 63639 75448
2782 11
8202 35129 39935 82323 81573 18103 7826 20879 49505 64784 13815
7571 18
47873 32320 86307 78861 14748 84042 25497 77627 14527 46106 50211 20278 38860 94825 35514 98311 92146 81760
9413 17
127 78612 9212 87152 77867 21171 56866 70530 41002 98988 49055 49797 37757 8928 41591 43304 77804
6645 11
6841 67775 98520 22571 11090 55235 68788 80150 5018 73926 82989
8695 18
27877 15204 68652 81040 79720 81554 88096 49874 16115 45625 41061 66047 59758 90469 86649 65975 56484 94710
4293 16
14851 16419 7037 21361 55306 56494 8995 50667 96517 44940 26784 90629 23588 62345 39038 19721
7101 19
91494 2410 38707 40947 51475 32767 39203 6310 80942 91892 24687 1131 25994 57753 11319 69665 27529 64226 92569
4313 12
27686 59 53735 11128 48231 30755 99308 21468 78749 45976 85470 4332
2096 15
16507 46189 68033 46889 41407 50863 31719 92079 34037 49534 68181 64529 85637 29115 90985
7990 11
13950 9040 80523 87856 85600 77378 73836 10398 31814 35875 57971
125 19
45043 98081 5506 11494 35507 656 33912 36357 24320 13083 24555 42699 52647 11431 25834 38475 27867 61022 17310
2458 18
53647 27462 13855 42765 24514 23528 78002 93986 44793 88267 28094 64735 47298 24281 48316 29017 21568 16162
5456 18
2203 82694 22032 8211 23064 36677 87086 2724 6079 26549 59519 83731 57034 25761 37659 71499 52154 65290
9822 16
73474 77581 46839 78886 17524 23017 99677 64185 15665 33601 49397 80800 6557 63649 6489 99995
6170 12
24112 42708 29098 81562 84818 58243 87561 85423 90441 89924 24139 41313
6031 20
64514 70466 28802 68286 94439 76663 55313 89846 12241 32328 77082 99007 89317 13299 69625 93202 25933 28934 23922 83325
7772 12
50607 28204 57253 84743 77984 6211 13011 39201 36483 74627 17269 15105
3340 18
54815 82696 96673 23964 89643 77225 8177 76201 7453 37866 31484 66710 34884 64382 45755 46621 33191 1489
9450 13
56124 4898 87559 94101 37346 54552 26143 65268 24297 15265 26656 34613 7204
1936 10
35664 40500 79552 77836 20331 95738 64943 25943 82705 81793
7342 12
29453 6268 58995 43123 50454 70137 97495 46114 9383 60460 42109 10937
7005 17
42667 38045 68978 95367 99895 57825 93059 22817 62622 99761 43702 47204 86192 31766 77842 87675 17223
6970 15
39051 52680 14732 46258 56262 46138 6427 57776 99953 89421 37088 61585 22466 99291 79380
8750 18
51553 34853 56668 58401 38092 49185 88161 7264 83312 87766 32270 22364 44610 92134 9468 74777 31847 62683
5300 17
38344 95188 31632 68359 29553 1720 66943 34016 7991 35042 64788 79246 74157 66613 1074 68007 48327
9211 19
53659 85039 41582 2447 59839 22757 98128 4542 78749 49402 5768 1390 51143 99321 51184 84030 78020 85682 95659
1403 12
60650 68456 10231 55951 80403 74162 59518 58077 42019 94238 40767 8000
4747 15
39334 18335 85373 90051 38173 99026 62706 37252 23270 66118 83455 88551 77851 67265 73658
5740 17
55359 97658 60241 28223 5259 66368 96584 89731 13430 25400 20081 2704 76978 72032 58634 33271 87176
795 12
70711 81509 75551 12957 70695 47534 62514 18318 89344 61631 4092 13856
7151 10
61179 75861 31687 17264 86023 38851 10556 21172 56613 41231
1243 10
34869 95145 30294 53716 45667 13218 81991 97141 8279 11720
4963 18
28048 99629 34875 47826 28802 32355 62023 21883 61153 13355 21360 36289 67334 99191 39937 44372 31380 42460
1656 18
93771 25507 35245 61273 19251 88168 87475 86226 1053 24609 72509 44711 43936 37811 60616 23470 65224 97291
9236 15
72734 64176 53779 96940 99826 15880 4648 87922 37187 14078 23296 50004 83624 7733 6993
35 10
23008 39949 14697 17816 52920 38402 34846 16035 45746 7718
3306 17
83493 78551 79610 59778 78504 74779 89523 91251 51387 49472 41945 37296 37210 16998 62590 33651 46355
1292 16
22361 62702 56562 23058 54443 5504 87426 23069 25891 54836 54394 84263 29470 96964 87445 33342
8243 10
61019 19476 78655 638 57482 81504 40459 93152 3259 63983
7384 16
68034 13395 24652 95648 22345 62313 72666 32486 56831 88240 81332 82847 31705 87360 12128 56319
8870 11
35629 92039 93405 97506 18761 81469 44939 9805 12501 50887 50069
3056 15
70273 97156 40626 53483 69500 74359 33655 94884 82117 51160 8462 39409 28158 62464 7865
4151 19
2007 90768 81026 4716 80372 64586 50777 16075 87260 13876 94044 4371 1414 21082 55596 4293 83535 61369 23247
7052 13
58635 27824 83861 64839 40929 62402 69910 84321 79572 69557 87600 33603 79005
965 19
11146 38092 59425 46573 2703 35736 96799 54433 48933 60949 8982 83181 77830 25266 64067 94083 66258 34815 92841
3542 20
24308 57822 50694 36864 24767 18571 14279 25780 52252 44113 8478 83053 55727 61353 90724 22138 48174 66036 35408 74728
4530 20
59736 36535 49620 87583 29429 14970 35237 45342 63425 77447 58385 649 81708 7712 35550 20367 75613 16339 467 59613
2810 14
88796 36956 89705 45996 31727 96518 6405 87619 97101 20616 51528 19061 19048 22565
4431 20
28784 55114 7277 60032 63847 17664 41381 91132 86464 74076 5799 18859 27275 41337 55444 45797 79125 57498 38796 14772
9207 15
1997 99601 71464 31623 26043 98717 55619 66648 9954 81410 16170 92322 20404 52375 5809
8673 17
36169 19193 30594 41820 85016 49726 26241 65759 2635 55372 39802 42713 49139 5764 66372 55022 90983
7882 19
74373 96887 54913 19528 20779 28478 41924 31968 59705 9650 89172 52830 13054 35166 14164 75740 26343 16120 70924
9631 15
52515 21990 77546 82475 77845 63657 80957 97215 16931 59079 44312 12160 42284 83914 9033
9024 16
1252 80736 8309 26190 87804 88751 81011 38005 75792 35144 61420 41138 23986 77364 53122 37413
8619 20
84382 36119 41380 13613 15338 30076 2992 22350 79332 31004 15139 98662 63017 38880 74371 32981 13798 75063 75489 38054
6132 20
99616 78304 70159 22965 91995 35404 3129 31537 49399 7367 98166 82418 31414 24486 53964 86473 72999 51697 26482 70814
1698 15
79537 94993 71999 21794 44856 22986 76181 86634 63603 86330 63002 42802 42392 3676 45256
7673 16
41965 94213 79896 94684 86700 3346 82362 33619 52006 6644 99132 85973 64448 68285 50561 63693
9575 17
6882 156 88866 8687 38374 64191 46723 96219 56036 7161 12528 60167 67740 54694 89054 59233 89330
9684 10
83783 60421 37876 42277 73409 29880 44035 6718 11427 37209
8651 17
11361 25462 89367 39193 18893 67789 39508 50717 49211 49212 40752 97194 51171 39478 43346 31493 29347
4297 19
41818 40293 71757 40342 7838 77693 28652 25838 75660 10514 8519 85081 19612 81533 55765 596 50128 35826 5924
8860 15
14415 20279 33211 84585 7541 22107 41353 88729 46033 65666 78009 86828 8608 17304 20185
9179 18
11253 70881 45699 76860 31591 92369 78309 27945 585 21076 44050 41473 53027 27370 23794 82051 31331 57215
68 13
66584 57548 62543 85163 79229 10197 33438 31459 35280 5298 73468 8566 94481
2369 11
74343 69416 88245 77730 54201 46206 22339 95906 46805 58935 58455
5906 11
64819 67448 93304 64338 83592 87194 20740 19258 61709 24967 55762
5850 20
31379 77873 92879 74062 61219 84580 59172 89722 10978 93765 47391 59326 59268 29926 90104 17739 95232 37964 27306 83442
76 17
19617 36898 1634 77142 66622 71229 98446 54818 95928 42055 7302 67143 21821 99304 91509 81635 46769
5755 12
3761 68856 31150 5183 27918 13451 41459 47098 67185 59514 81736 30752
8052 10
81519 99866 74660 65195 19030 3217 59355 97062 83116 36360
6005 17
52868 87709 53334 39630 97415 31066 1867 20366 95655 43125 28050 86058 69155 37224 52646 54586 6494
9536 17
23190 86746 96470 7833 47966 7034 98834 43091 38237 2979 80553 9114 96880 95844 37821 40451 78845
3451 12
12294 42694 26070 1958 75367 35345 46614 6588 8338 35432 94360 35367
7472 18
75927 67165 24808 12214 93279 6989 44856 78205 20503 84968 42342 69312 37275 74803 31935 27867 83088 33408
862 11
12920 15414 40900 52181 36044 97954 15576 44402 92418 53400 86469
169 16
11989 24116 89528 16510 69006 82712 79875 83015 64322 6516 80122 98095 88125 41858 25353 34351