20
134 50
68066 21592 52238 42793 4582 44414 20875 87678 17550 35696 18505 82963 11695 8785 12624 78823 81371 45173 76728 5390 67477 37592 13923 29505 19265 62313 35305 76831 44789 20376 24726 78647 70172 92056 15232 85188 85402 73713 38058 85363 63228 55454 38969 72308 76517 77437 49648 61721 78118 95182
435 22
81036 84965 58609 3191 37475 31747 56133 87514 468 11718 40494 34241 48405 79112 21866 97688 35239 95274 95703 34335 46239 32522
841 3
97336 53547 18412
423 145
11857 73766 14595 51959 97601 78280 48212 78835 7041 98062 76465 81095 55318 8300 21968 21288 27506 76254 27046 61726 29008 79634 1475 58919 55485 61342 41846 24779 42076 47573 90773 66660 22721 11408 55241 18023 17783 75007 83642 31825 39348 53593 59941 76120 42922 97184 43464 54245 65176 43989 13696 25281 57102 57761 87020 50431 94128 31247 10440 59120 85565 17864 64020 42377 75504 74346 96058 65413 72153 78670 85044 91969 39106 85006 74453 86435 55459 48034 19662 57709 98010 5156 42600 61306 37612 52618 40371 15706 64440 87770 71223 50085 50207 46646 92436 22127 52477 68011 45693 15156 44921 71144 38223 80124 84682 50892 45120 38122 22570 39581 54163 86077 25557 39640 96378 41787 41829 7321 66731 4738 64854 13769 68594 65191 92034 72419 39174 83759 97314 18964 70936 62617 73350 92952 49203 31081 14260 54115 60063 63717 39265 76225 73029 71029 52814
418 154
58643 88486 74280 90596 84465 33164 88647 68221 57210 48241 47418 54924 22671 3650 8308 50228 8975 48070 95577 60799 44905 40579 52754 8324 99466 24968 45038 21327 13282 24676 50268 68464 18783 42802 59762 85917 47828 32914 5755 8871 42571 26167 95657 19045 83957 29538 7589 6299 54886 79644 35762 23826 31577 28651 35867 90794 12096 30995 75419 1727 69623 1443 26777 16555 77684 95418 99230 36006 48319 58843 89431 61224 61491 10727 21468 52816 16805 28822 3194 44474 52654 16566 65515 61691 97541 40507 57041 18698 8311 21036 83171 74458 44584 32298 21673 15600 39161 71398 89981 53801 77337 56786 78154 51185 51197 94055 49782 37034 37392 43500 59837 50961 50016 95411 81307 86965 29534 40617 35306 95128 45130 19849 73750 32817 94327 57535 95835 7890 34399 48545 96762 26946 40909 37305 29064 75044 31084 43946 4713 67752 68154 12901 32337 75873 71412 86569 90631 13973 83212 82614 77979 3136 63893 14928
439 144
15720 20065 6732 46765 60353 90949 86869 6556 19434 90862 91341 56568 82819 23460 31534 90620 43696 8405 42656 38541 44570 16404 17421 21402 45596 73642 49683 43567 88888 343 26651 52321 16432 67906 38009 28323 17821 47985 69497 22720 9232 86537 28956 63890 95171 7852 43209 82418 65614 83439 18414 54893 58857 18408 85423 32292 12060 95455 50868 28966 24368 56523 63443 48769 85291 77225 36832 45986 56528 85787 73412 82904 96483 29835 41867 2368 71974 39197 67840 36981 4671 38242 74050 99503 63802 30341 62530 38099 54973 72027 77370 42901 84511 50312 34296 49079 65739 3850 16624 6140 96135 170 42702 10717 27136 25567 99615 8580 70065 5670 54538 52248 1681 64012 25535 7833 50245 76283 63144 43418 54288 92919 91350 30254 69003 50095 84553 24389 97852 37291 37242 57969 54842 97473 73238 83950 71266 37067 24541 32168 57881 98999 38287 70717
5 134
40260 99343 21103 5155 45218 24862 22609 58082 53033 38077 2438 92518 60212 97144 88535 946 45273 98439 50505 77091 51534 98733 63062 12689 66295 45137 32279 66802 89836 78509 65616 24126 91065 24656 12594 3926 60960 35349 58087 58285 43136 63209 99423 31331 97851 8369 44447 1151 89397 62827 19965 50987 28399 89563 34176 48386 63060 24906 84843 93154 85840 67591 13035 58914 28799 15209 9964 55727 507 61769 52534 77979 67607 2041 74693 37217 84668 37178 49597 23530 85659 30427 46051 98381 67882 37686 36496 40395 4830 87182 3940 35008 24018 5302 78215 45691 40476 27074 65792 8401 61703 63095 50788 64685 2569 6764 61989 48250 75696 78892 16934 15140 1716 79058 29451 47342 66601 20225 88568 71722 5283 5022 81781 44977 17734 30326 24058 92727 74167 56438 1555 90347 4878 61437
262 124
42335 65673 43543 56052 15839 82260 97882 76607 46783 61691 4799 11434 42949 70922 10471 60754 23551 67218 93288 64730 4522 70827 8056 78719 89269 66322 89386 7118 97433 17756 17001 63949 54232 2124 94729 47481 85546 90582 36732 19363 62843 14305 24368 94925 82522 575 89594 90673 89971 70334 22730 35458 44359 21976 69622 15822 89369 50006 43978 80114 94310 72467 78684 2312 32101 65585 43920 84572 45225 67383 47102 99615 73859 91555 75290 42364 99450 44751 12111 15053 17499 82020 37771 1823 26192 28659 57889 81620 44800 72674 92854 24602 93310 27402 16577 95048 88058 44718 20883 79146 96337 39470 38424 96476 17405 92361 87214 56108 86987 1580 33392 82399 92130 38949 37789 16203 70040 74433 29163 45215 61339 28729 75673 45469
331 114
4874 19571 88573 47678 65470 2301 27342 52580 67312 9663 69540 32368 21378 6730 79767 18453 8480 97734 67598 61784 97551 42793 62975 42467 35388 45748 62092 47385 83408 26863 69076 25120 3892 56065 16637 87306 76296 31789 91265 43018 61940 62098 71769 56090 95706 34568 20712 85875 45064 20196 72981 13418 49494 39887 81723 46296 49451 20751 92099 74044 92268 24290 72851 75278 65853 9640 26205 26496 39526 49932 6534 64542 69464 392 81403 34354 50934 86682 30096 1927 26069 12546 58197 25351 7147 21816 58207 34412 91450 43710 80330 62822 60797 19192 3425 48942 86721 45284 62100 30521 11060 16882 74463 42820 19518 47484 49617 27168 21817 17108 88801 65087 10105 84513
785 104
82320 12925 85638 32432 9479 15999 3153 38952 90837 5962 18872 99244 53033 58569 80034 1010 7306 69942 19056 11384 63676 97871 93315 11270 28213 94891 8359 59358 74889 40773 72115 6963 94606 4792 24490 51766 64791 16326 39172 20329 53981 26399 59707 1482 35940 39037 37001 92223 18280 63435 9275 5809 3939 72030 93101 63799 31731 38849 26802 74709 47801 75962 81087 50931 68900 60526 97516 40754 392 83282 89376 77790 35881 90521 80961 74110 52344 86366 85668 43637 21197 98232 2848 50088 25079 327 17892 60912 96571 60986 99109 44847 42027 70651 61522 50766 34987 59064 61617 233 9141 44279 38904 42283
272 94
41434 73736 94289 97814 32365 41319 95194 30437 12788 86254 50258 22803 87905 18920 4560 27417 21541 83736 51308 64923 77091 74317 70631 91707 15006 13755 81023 77231 69895 76693 26863 53220 33431 57442 84434 70204 75282 84017 16957 27118 51912 15259 41402 62809 16302 99838 76011 9971 27036 50607 78182 52401 22033 32574 87863 99078 30157 99941 93660 92626 90246 74110 29011 26138 17370 74158 77019 94889 63923 75309 14234 81158 40383 69451 88458 67296 96966 88050 19895 56966 84515 50341 30556 76394 99948 89205 96130 46481 92255 81575 3245 21941 57816 19104
879 84
42640 47492 2301 41466 12952 95408 87490 8477 43124 20508 19548 30359 66093 37544 28369 94795 38132 71241 10142 42530 65893 56357 47025 3019 24531 1891 24228 35157 61215 95043 28327 13049 11678 13914 47390 67527 10293 49398 8800 21152 72851 3678 36837 40365 56991 57178 30353 34051 79080 42703 35284 98534 8002 15010 1658 71559 95509 40633 49010 86972 56324 85110 65913 28513 13506 89269 45769 67920 10112 34443 89531 97547 9901 88913 88829 13020 84275 76630 84273 57464 89524 25745 72350 6061
851 74
86437 22362 59829 47959 87705 62556 52714 51181 35978 90067 74011 16381 69895 15370 31841 9514 39064 66424 17685 70799 73935 31318 83809 20671 2300 66330 60228 47714 97343 39321 14314 98906 21807 51185 10894 27063 72849 60426 3099 82690 7890 31063 24189 36488 4713 73294 85668 48331 848 40100 98751 39651 54776 98332 85191 56392 83322 6953 67494 90002 69520 77911 31521 82037 42303 32940 26372 52868 32230 44651 31823 32383 47264 14441
526 64
24409 15241 58001 94954 61759 15803 10286 23620 18548 36857 6123 71817 65410 11384 10088 73702 21704 47330 86268 27108 5755 9276 71818 72474 9305 29975 97746 34123 53540 57894 60950 57246 79826 5561 62365 80643 24792 43531 837 10421 52510 12924 78629 89840 95586 48268 11677 77440 38218 40110 17135 47216 36731 45228 95128 14827 7890 82702 78752 25645 76677 8014 31084 10367
319 54
44455 12443 72069 64887 10314 2880 60886 47418 73283 57096 43326 68394 70792 58318 80314 67032 286 63288 32283 8384 59414 75409 40628 74161 31615 82734 26504 42341 85799 60901 67009 40125 61830 96957 27731 19951 57920 12688 80968 56090 31717 28041 72043 49335 92372 13584 41047 95077 16894 84215 73022 35260 56071 70665
701 44
66172 99939 53212 89936 79487 16572 38372 26329 72941 74231 3870 75602 94025 88808 22901 50529 83495 54898 25718 87355 32996 33557 73866 90185 21837 23785 51757 77574 91821 71863 6569 42900 96553 59096 94291 42516 9411 29419 59538 75784 90390 39541 43092 70114
843 34
42401 81409 10566 17973 84726 74800 2639 21352 44658 71037 77196 49698 35393 48289 15659 96060 2233 60301 96656 83130 31218 84629 74610 61847 4396 78172 57217 96082 92358 44325 56785 80385 14226 48398
637 24
84726 70778 27342 19178 60175 92775 27982 43410 27090 689 71079 5942 77956 4425 73556 27565 4773 31657 67079 54106 66302 66886 21497 8471
989 14
6378 68655 50808 39157 17202 30515 3283 82070 45667 70826 62298 26061 19394 24787
826 4
11832 67354 16971 74348