207
9732 19
5122 14832 16150 21619 23745 23923 25547 27469 30621 34279 45457 46395 50564 59657 68587 70399 91031 97489 97694
6112 19
1051 6901 13248 21317 27539 31668 40142 47382 54018 57834 61716 71160 78666 86659 87586 93072 95625 95722 96465
8408 19
3312 4098 5279 9756 13455 16222 22006 23569 23584 27938 31076 35896 37821 40222 46750 47632 63077 69966 82975
2631 20
11334 27196 28844 30747 39248 41551 46628 48846 49839 51443 53154 63405 65968 72613 72913 86463 91910 92325 95646 98470
1478 20
3165 11030 16091 16541 21990 29280 29736 31959 40915 44076 56764 59763 70272 81910 88154 89956 94114 94760 95287 99281
1764 19
11406 12587 12597 13065 14379 14640 20779 21325 44025 47404 48550 54107 56196 56758 56985 64281 65649 65781 77315
4255 20
4701 26711 30433 36939 43634 49819 56287 63616 64636 67242 72649 77860 80831 81866 82795 86205 86341 86820 96564 99761
3597 20
10118 11413 12667 15572 26650 30212 37962 40462 43181 43268 44464 55285 59146 73670 76133 82493 84345 90138 90342 95110
5294 20
14456 16698 22139 22848 24523 28350 35912 42723 48322 48438 77661 78899 78911 80627 87435 93228 93883 95852 98765 99504
1670 20
1764 2236 3093 3253 4625 7834 9793 16775 23129 38845 51718 56610 63980 68138 68239 68278 71716 74694 76288 93037
5172 20
863 4624 5955 6742 8430 17102 22553 24432 32583 40985 45727 51447 52269 52564 57499 57587 67828 70466 71104 78612
1401 20
650 4430 10209 18325 21662 25313 32087 33765 35776 36831 40839 41249 59882 63603 63672 77727 85309 88283 89744 99567
5065 19
311 3096 6870 9950 20130 28614 28703 32542 40458 62380 63892 69453 71471 71880 75917 77520 89812 99038 99758
4271 20
1111 11583 12340 16292 18754 20987 24347 26395 28379 29450 34348 43577 44465 48279 49633 54256 61454 68113 71604 86717
1542 20
2698 20852 23501 25437 32276 35572 37154 41041 41059 43483 46442 47800 48422 50781 53326 57961 74937 86246 88883 91068
9582 20
15781 18295 25539 26027 38096 49047 57117 62732 65333 68781 71517 72058 72460 75325 76051 79771 80930 82593 84645 91380
2595 20
4574 6211 7402 14294 20237 21527 24051 32210 37988 43589 47277 53077 56102 58789 65394 68600 74434 85163 89403 99774
2829 19
8252 9546 13207 27028 41562 52043 56084 60182 74154 77091 82823 85013 85080 85274 91369 91436 96141 97508 97725
6910 20
1461 1819 10629 15432 15916 24360 29866 29904 30148 34096 42546 59656 68231 72794 74100 77514 79901 83844 84035 92039
1959 20
2558 6488 8816 15504 22070 26841 26926 30360 30904 33065 37462 37814 40740 58849 65440 66986 78377 79779 80465 92586
7197 19
9789 17486 22905 23852 29183 32052 33752 35493 37221 40527 45087 47711 50884 57825 57881 60373 70548 79354 85002
5287 20
3028 3206 6389 7137 8987 10141 25182 25386 27536 28737 45300 61540 69034 70320 74627 74984 78017 80276 84768 85930
2935 19
1992 7784 13418 14544 29005 34047 34906 37879 37916 44126 63695 68413 75105 79361 84668 89387 89879 91478 94414
8696 20
2284 3876 5076 17085 24855 35619 38304 42488 44776 45104 65791 66416 77630 78115 82092 82577 86267 87902 89554 94634
7339 20
2107 5671 18156 27500 28568 29228 29480 32093 32405 37395 43162 47960 50903 53848 56101 72783 77692 78398 95078 99861
3169 20
14258 21040 21488 27517 27591 28600 32833 39686 45464 47381 50325 51699 55535 61712 68833 81404 83548 88523 91815 97013
1598 19
3331 9729 10902 11607 11831 13254 17390 30557 34493 38745 38763 51557 56326 57788 64519 76495 79514 81280 93254
9487 20
2958 6038 9282 24335 26750 30970 32426 32525 32950 35812 42850 52169 54543 62805 64606 72923 75389 75819 76083 98040
9692 17
991 4046 6893 10196 12574 17138 38246 44492 45235 49181 53196 59362 70740 89000 90107 94674 95232
9806 20
3034 5897 5999 7833 17347 23799 25166 26491 27565 32539 45685 48636 49240 51194 63040 66069 66792 75753 90405 91531
7901 19
2992 10970 16893 18318 26579 29395 29644 46423 51089 57830 57998 58602 72008 80845 83308 83517 88339 88594 99186
7815 19
5927 6691 9755 13176 21168 29279 35113 43089 47844 48124 56576 65395 69558 79735 82861 83165 90067 90719 99502
1424 19
503 5751 18512 32595 35687 37377 43196 60367 62620 70030 74316 75603 75658 76808 78366 82775 88092 88912 88949
3177 20
3463 3862 6937 8418 11779 20571 22071 35387 36917 41280 42259 47795 53291 61995 70659 72611 77499 87898 95194 95748
3454 19
4898 7321 9148 19304 19732 31384 32422 34871 52330 55062 61351 65309 65362 65778 65984 68136 79703 84783 98346
2493 20
4729 8519 15829 32355 33432 33551 35806 39918 40108 42085 43399 48818 57871 58246 63953 74389 76814 79579 83473 95617
9294 20
747 7009 16973 23597 33522 37479 37909 42080 42870 48181 54341 57295 57516 59429 68640 72711 87581 89243 96726 97076
1750 20
3419 7149 10305 11023 18814 28733 41618 44587 54370 62902 64392 68603 68908 70715 74833 80077 84480 91723 91749 97517
2643 20
571 14964 16944 19499 27112 31813 38170 46099 47531 47714 48641 55530 60587 60965 70175 72542 72861 88998 92516 92984
8407 17
553 1674 13322 24530 29682 32342 35536 36215 43528 49023 53003 58976 61032 71533 71975 73812 90837
4630 20
368 7100 7177 28823 29479 43959 47610 48216 54033 57171 66660 67946 69243 72945 79817 82768 84525 84719 91356 94786
904 17
1135 7538 16486 24713 26397 28012 31208 37057 44808 53568 62617 64466 71323 86297 90569 96928 97527
3120 20
807 3756 16260 41195 45779 54200 63599 70284 72215 74725 75149 80761 81665 82105 85769 86000 89957 92494 95577 99902
2644 20
4356 6193 8260 21544 25096 25465 27945 35291 35476 43777 45285 45494 45568 53516 57696 76246 84739 86734 86827 91944
661 20
5110 9112 15297 15973 25973 26557 31489 32402 41272 44823 46618 48941 49350 50977 55860 66405 77606 83190 86001 87312
2995 18
1247 5274 5441 9318 18246 19261 19577 21413 30202 30414 34544 43436 52134 52146 57138 63121 74081 84242
4401 17
176 2498 8449 10694 12535 13369 27963 40054 53624 55061 55517 66987 89240 90009 91057 92631 96546
1133 20
4635 6023 20269 20708 21741 22869 23045 23940 24559 28103 35861 41188 41625 48670 50898 67618 80544 84375 87020 89093
7358 20
6016 8226 30585 34122 34271 36550 41726 45114 46203 46729 47834 51487 59605 63957 65508 65619 67570 81543 81897 88944
8046 20
1801 9462 13731 16932 19009 23451 35624 47686 48638 51652 52846 53710 53756 59572 67877 70753 70965 80588 89532 93679
2560 19
3919 9355 12033 23625 30532 34286 36243 42077 46678 47035 47585 50332 53012 54891 57157 61536 87694 90653 98687
3928 20
1040 11109 15018 20790 27612 30902 32229 36372 41979 45529 49155 67684 75480 76960 79929 81414 88388 94388 98055 99984
5763 20
24823 25576 26444 37166 53009 53371 59160 59364 63137 66108 66230 68800 69478 71306 75194 76502 78572 86642 94605 95236
1364 20
5480 6637 7442 9703 13278 16602 18075 22118 31631 35016 36175 43337 46785 50191 53457 61473 67215 78179 83629 95115
9029 19
8174 9474 14741 15282 15325 15784 16128 21238 26710 54927 63312 67385 67865 73968 76134 86492 87109 90513 93249
5621 19
3209 4633 7845 12746 14822 19098 27127 28194 32620 34928 45934 52140 56717 59919 60026 78307 80098 91081 94534
4139 19
4532 15677 17427 22546 29502 30583 31040 31160 37278 42697 49140 54109 56378 58217 66706 81556 88407 98735 99384
1606 19
443 5223 14572 16695 22806 60313 70198 70712 70957 73298 74681 81083 81745 82204 87052 89988 92791 93400 95307
3015 20
4840 10788 12014 18432 32227 34244 34807 44696 45093 45619 50932 55366 56574 57506 59103 60802 61320 62459 84758 94206
1949 20
1416 2883 5658 7767 18968 21318 24096 29512 41367 46254 52845 63589 71256 75188 77607 82966 96757 98832 99572 99686
4188 20
3949 4685 9443 9776 24790 40737 42996 48855 49469 53254 55107 61295 61376 65716 74653 78816 78967 94512 95029 98086
6727 19
169 751 3037 9678 9975 20419 27475 33345 33423 35650 46683 53500 62815 68367 71129 89031 89985 99419 99493
5311 19
27 5980 26765 31674 37385 40337 41168 47594 52285 56186 66267 71301 73422 75001 76763 81510 82953 85283 88308
4513 20
4090 5672 11304 22984 28662 38189 38479 38979 40848 47890 48415 49050 52031 60048 60769 63081 71928 77628 85018 88072
251 20
380 2436 6156 16364 28038 30613 30980 36245 36247 41394 42139 42849 43465 49704 51726 56930 68948 80354 88034 96369
3340 18
1489 7453 8177 23964 31484 33191 34884 37866 45755 46621 54815 64382 66710 76201 77225 82696 89643 96673
5073 19
1600 1651 10573 17662 21584 30100 36875 40888 41490 45208 46035 48921 54000 61732 68016 70780 73007 86595 92389
9530 19
3263 3782 5518 8645 18334 27657 30646 46332 59229 65930 70247 71577 71665 72234 78919 83438 84206 91234 94433
9717 20
8818 10492 17131 17668 24005 31011 31613 34430 36358 49619 53060 54700 71094 80175 80746 81030 83029 85268 87353 89528
9619 19
4945 8715 16869 22074 33053 41545 53603 59750 63514 66905 67923 71889 74864 81817 89384 93670 94054 97570 99231
9242 19
1941 3638 6430 10725 21470 26479 29313 31590 33400 37102 37862 42919 49420 52262 54825 74072 78355 86748 89260
4275 20
2809 4338 21220 32042 39744 46631 47970 60857 63686 70417 71821 80800 80892 86091 86342 92110 93416 95189 98905 99148
9805 20
205 3203 20438 23730 25462 30299 30928 34639 53462 54566 55021 57977 60084 61658 63350 64975 69928 77204 82251 85938
2611 19
2013 2252 20379 20784 29310 29626 30014 35787 42207 46689 52184 55573 57813 70329 71017 72537 75980 85641 97483
7219 17
6933 8046 10232 10771 30095 46688 52610 56374 61498 65577 76261 79025 80035 81402 83244 95844 99905
5928 20
2104 6437 6800 9901 16327 30727 42070 46283 48786 58003 58680 70381 71629 73704 82890 89184 89660 92971 93169 98020
6008 20
5250 11410 14507 24401 29348 29920 34661 34879 36282 43410 45867 49132 54791 60417 65795 79165 80558 84551 87851 96729
8385 19
8231 10972 12131 17066 22621 41505 42303 42967 44086 47878 48764 50374 62862 69228 74830 75733 88746 98942 99595
2054 20
1710 2201 6185 15150 27668 38213 44097 45711 57039 59767 64013 64706 78222 78287 80293 85047 91659 92636 93387 94677
5057 18
10394 20724 26128 27485 27927 30101 35107 37004 37723 51615 52320 54671 56288 56493 69573 91836 92737 98302
5006 19
6050 12938 18289 21514 25614 30427 35815 39830 46101 50106 53649 54408 54828 57867 64415 68314 76702 91079 95257
349 20
10212 17897 18167 20469 34171 39545 45706 49971 55168 56492 59352 64201 71808 73350 83215 87536 92378 93253 97265 99807
6134 20
3 8314 14464 15130 15983 16441 17304 20223 21341 28511 46847 53746 54442 58272 59575 72197 83989 84770 88845 93362
976 20
1581 2565 3121 3485 7768 20915 25452 27399 40726 61575 61758 69105 70061 78129 79713 84408 84913 89648 92649 96395
1537 20
2729 6451 10681 12074 17099 33275 37321 42729 48693 54007 61374 69114 72268 74527 77438 83836 86409 87307 91907 97801
8834 20
15140 17043 20112 24810 26969 27208 27790 28952 29971 32461 33122 47536 47838 57592 66250 69488 73288 80124 94079 94166
9937 20
8300 16797 19533 23664 27017 32255 33274 55483 64210 65351 66338 67641 71638 73695 80087 80626 86547 93171 93406 93635
417 20
275 1989 6910 10368 15324 23860 24763 35858 42052 47041 53611 54617 60189 66048 67351 93582 94957 95889 96586 99685
4433 20
10802 12864 19352 23365 27731 29276 38711 43036 46541 51197 51203 53097 54230 63561 64294 66206 66372 68362 84020 94976
6193 20
3566 5896 6591 8650 9104 14845 30943 35872 36402 39912 46958 48885 60882 75383 80380 81647 86553 90838 91125 99532
6832 19
935 17907 18282 20256 22132 25364 25371 26356 39171 44438 59365 65767 72490 80719 83082 86543 91032 96968 99670
7218 20
7404 9385 10604 17868 19101 21624 32922 41014 42873 45458 46565 49821 51664 53763 58235 67526 68180 75619 88476 91340
7834 19
5965 7810 8043 15667 17644 19199 28688 34715 35584 42104 43920 46790 49481 51735 54148 58700 60732 63472 66811
5053 19
10965 11913 19673 25811 25989 37442 39551 45636 47759 56682 59378 59427 63193 73720 93125 93391 95967 97335 97862
5337 19
672 21581 24497 25542 34927 35646 39789 44852 62762 64465 64741 73977 76649 78638 83241 85424 89116 89207 91595
6247 19
1016 1267 9586 13773 16436 17357 23903 39781 43826 52998 57766 68930 80219 82602 84919 87127 87397 93861 97839
2929 17
136 21993 27023 27465 30469 35499 38518 38703 43243 44911 46862 54481 58328 70385 81535 87204 91547
9647 19
3723 6639 14951 15121 20992 22523 24037 25354 25514 29392 35547 36307 36874 46419 47109 69201 77077 93830 95318
8301 20
8668 23887 25209 33035 42833 44378 56580 59243 60520 68204 73315 77403 77553 79257 79564 80421 86813 91618 93091 94550
2442 20
4533 9663 16400 16842 25730 27609 31444 40660 48214 48399 48981 58775 62385 69852 72868 73543 84503 96549 98604 99505
6017 19
908 13927 23138 24947 27909 36596 44017 46107 47062 76080 76518 80407 81823 90217 90235 96869 97607 99079 99549
4413 20
3122 7199 7762 10327 14730 18639 20025 20941 28378 32534 37650 46770 49728 57058 59260 66666 68090 84151 86589 91694
2468 19
4270 6745 15132 22455 44075 48757 50910 55111 58641 58943 59586 64188 67246 71515 75860 76499 82367 92160 97638
5239 20
20909 31060 32705 40472 48604 60165 60645 72887 77807 77815 77922 78457 84030 84253 84346 85295 93034 96215 98401 99630
2664 19
30059 31295 39531 47150 47589 52093 54995 57718 57976 60287 65434 69525 70202 73448 73485 80596 84514 91693 96111
2384 19
6258 15032 28226 32593 34763 40138 40514 44035 47168 52570 65527 66377 72828 74373 75040 83871 84077 89392 92352
6836 20
2475 7098 8810 9803 11927 13539 16538 20434 34777 35649 39964 43887 43972 44567 46021 47880 60963 63685 73748 76334
1561 18
5669 9880 16710 16984 18027 25619 27889 30326 37006 37612 38789 53032 58267 71237 87458 90433 92091 92126
7541 18
5324 9812 11479 13215 19940 20145 36106 36777 38348 39512 52966 67202 83095 83579 86275 89555 90316 93685
8472 20
1120 15709 27105 28863 31206 37818 40905 42765 42883 46723 47754 52642 71149 74540 78122 87231 88166 96439 96632 99210
2830 19
2023 2816 3571 11521 22923 24754 27169 43765 50999 52506 62515 65030 66058 69904 73779 74125 81508 85802 93477
7389 18
6141 7893 8061 18996 19237 23459 24479 28797 43180 50251 52922 55750 57523 65733 73191 77292 88532 96539
9269 20
9353 16975 17441 19235 20210 22497 23128 23676 26347 26592 29253 37052 50815 57458 59944 76753 86757 93686 95977 96352
8736 20
350 5591 8865 11859 16084 21646 24446 25964 33504 33706 38512 49650 51427 60008 66827 69455 80692 85576 90079 94262
8750 18
7264 9468 22364 31847 32270 34853 38092 44610 49185 51553 56668 58401 62683 74777 83312 87766 88161 92134
19 20
289 2596 10987 15417 31923 33832 34109 41297 45938 50289 53043 53181 54031 57153 59697 62074 77516 82303 84320 84845
7988 19
6005 11809 29220 38340 50143 52276 54800 56061 56908 60842 71914 73639 73737 74963 77953 78125 92503 99324 99652
8839 19
4964 11548 13780 15830 17418 24954 25692 25978 30601 48420 61444 62467 66404 73517 76776 79479 80409 81713 93992
7484 20
499 1233 6999 13048 24604 27513 30428 31262 33011 33899 35042 51693 62288 68859 74915 80159 83090 89053 94567 97413
5469 18
5116 6240 24373 28439 34624 41959 53581 61342 65340 66309 66396 71115 71779 80793 81175 90219 94990 95665
6185 19
1550 4259 10957 13777 26521 39140 43886 47875 49168 50605 53631 64503 75533 80553 81670 85140 88182 92901 94908
7287 18
9724 12943 18785 31373 31985 35538 35972 41289 47716 51665 53773 56179 67875 70999 73935 75752 84244 91452
7709 19
6194 9816 17174 23021 24499 28069 37972 53259 56021 58854 67654 69407 70512 71892 78733 80735 88615 91415 99195
7072 19
3659 14344 17708 23190 23931 26289 28666 39286 52746 60880 72820 73842 80706 90714 95521 95736 96718 96889 97556
1465 20
96 6159 7543 10613 18009 19036 29361 30721 33539 38758 44199 45149 50666 52286 71796 74811 78843 81711 82355 90912
2922 20
9446 16526 19408 26814 30076 32682 33208 33656 40862 42405 45653 51794 53663 62828 72305 72829 75524 76311 87058 88220
9618 19
2458 4238 8646 9983 22615 25482 33397 44304 50619 59376 62320 62769 69299 82354 84855 89076 94777 98375 98974
8922 20
3565 18982 20304 21587 39595 41981 42017 44118 50624 54162 65273 65981 66324 67842 77920 81571 84996 85397 89647 96594
1262 19
4865 12010 15082 21917 28974 37217 52936 59548 60418 63823 76659 81930 89597 89874 91379 91993 93039 97293 99440
9836 20
10156 15151 32046 32683 34747 37094 46523 49563 54368 63244 64956 65991 72558 78858 79991 84746 85288 86374 92220 93608
5280 19
7245 13124 18672 20382 23202 24160 25926 33324 40099 40635 43188 54599 59088 61687 74762 79446 82615 85419 85492
972 20
2389 2497 15185 16153 17859 22442 23737 27474 35199 41005 42783 43377 47495 54586 55508 60423 67061 67802 71103 90445
8884 18
3550 6991 11645 12151 20310 22326 26684 36919 42053 55880 59177 63572 67226 68993 82713 90230 94654 96767
875 18
1076 7369 16430 18696 19725 22879 23244 24063 25801 31777 34973 45012 50280 58702 66502 69768 76351 83367
9636 19
3261 4076 7273 8473 11817 13836 14039 22875 26596 27211 45399 52435 66300 74739 77358 81091 85429 94382 97065
1215 19
3191 4878 11905 28288 31267 32697 38005 38052 51428 66450 67496 72157 72463 74238 76553 78323 87296 92420 93761
7380 20
2230 12342 20947 28082 31465 35840 37914 38921 49526 60172 60646 64757 77412 82460 86337 86398 87971 90981 91080 93267
5639 20
3492 5820 6993 9399 10915 18113 24597 34598 35423 36910 37394 40505 47904 48368 54255 56052 80119 83004 93994 98037
2596 18
7317 8770 13673 27348 27542 34838 39432 55132 61967 62448 76435 77235 81132 85984 89768 92388 99463 99555
9985 19
352 4521 5474 13262 18118 27065 31641 35989 39791 43277 44342 46976 57997 71651 81469 81477 86708 94829 95315
333 20
629 2253 14167 16094 17375 22979 26728 28898 42018 43130 54340 56312 56452 65703 66077 66274 77281 83552 85210 98009
9277 19
1404 1677 4990 8730 16941 17950 24431 26618 32901 52765 61344 69537 71851 75269 76296 82049 85535 95698 98478
6468 20
2730 3664 5418 6743 12308 15038 29476 33024 38772 39842 43956 45359 52653 60710 68680 70998 81275 84678 85490 93445
1586 18
5425 6839 9184 30002 37911 42446 45853 46358 59150 64819 70460 72033 75129 79629 81029 91872 98168 99143
3445 20
4035 4892 21852 27253 33382 34801 37423 38675 42696 44515 51247 54121 61680 64997 66283 67596 81792 85296 86625 96884
2666 17
4386 15898 18220 24085 25484 26796 29143 33667 53405 55114 60452 76598 77976 78768 86730 88819 95190
1692 19
1643 3721 12711 13679 17111 19384 26326 36480 44581 45606 51199 56466 56858 68516 75801 87509 93036 93935 97683
6258 20
1626 2681 4743 6905 18166 18399 39742 40405 49500 52036 56382 61990 64880 78186 79538 80381 86338 89297 91261 99517
6715 18
1147 3598 9544 21077 26822 34769 35878 49510 67956 68116 69349 70288 75926 92033 94724 95314 96008 98111
1725 19
11418 19198 20639 21222 23399 37583 47773 47814 51028 58216 64105 72812 73196 74978 75688 83255 83499 96309 98779
7793 19
18067 19140 20711 31285 32793 32914 45180 58735 61304 64014 71042 72328 72487 73878 74441 76578 76605 85846 94310
7050 20
6540 11958 13613 21397 34199 35575 37230 37315 39815 40683 41269 45019 53270 54619 57452 63853 66657 79055 84806 85014
9359 19
1087 3917 8847 13330 16230 25878 27446 34050 35104 50397 63696 64099 68912 72169 73996 76616 81348 82061 89808
8405 20
2869 4455 8937 11318 14680 15557 17767 21434 23404 27052 29265 35887 54822 55744 62327 70616 75782 85493 86386 94531
9847 20
11764 25360 31148 34886 37905 40102 42249 49572 51583 53569 67470 76930 81346 83320 83562 85170 86436 90236 96190 98774
9060 19
2832 3631 15588 17460 21954 28418 30539 32288 39421 47744 49125 51498 58438 73534 75184 78524 82115 85768 91847
6350 20
12098 13595 22137 28244 29478 29897 48297 51631 74719 77825 80162 81013 85008 88930 90683 91017 91967 93115 95079 95651
6408 20
1689 7013 20727 26662 28955 35842 45766 67157 68047 71706 72073 75512 75829 88726 89199 93948 95538 96312 96625 97811
9695 18
7619 15416 17474 20718 21064 24698 27191 29084 35482 41934 45783 47087 53855 65462 74651 84490 90790 93660
9980 19
678 7725 13131 18809 26187 27823 29629 54620 62181 64647 65284 65687 67749 71117 75845 76719 90109 93626 95073
165 19
6338 28355 29967 33518 37089 51720 56855 57068 70232 71402 76135 77356 77458 78531 78600 81958 82111 88798 91426
532 18
4761 9513 22798 28371 40565 41915 44285 50729 55620 67734 75534 78986 79778 83846 86400 89500 91636 92286
9221 19
8245 19985 24514 25306 26344 29873 52725 57012 67088 70487 74554 76388 83297 84026 86722 88738 88825 90500 93774
6550 19
7958 10051 11530 12759 16395 31067 33058 35700 49892 57286 57527 63103 65313 80912 85050 93066 94970 97138 97857
8531 20
179 1931 18210 29678 30210 31881 36051 36364 45256 47191 51681 52444 63130 64312 65222 76901 81979 87376 95539 98543
6588 20
1988 2159 7618 19537 36766 37636 38766 42352 47631 48982 49067 50809 50826 60125 66794 75758 75995 82960 88210 98341
3301 20
1990 2972 4023 4947 8738 16442 17449 19556 19561 25109 31788 35755 38908 40547 70229 71697 87044 89106 92476 96993
2253 20
225 15113 15369 16297 16480 25107 37203 40755 41436 43078 47500 55119 71521 73192 77523 89178 89202 92577 96855 97419
415 20
4159 5888 14555 16613 20048 23893 27588 31832 32142 33165 35379 35870 38207 48942 51182 51525 54775 61405 81386 89686
5036 19
579 9900 13524 13644 18083 29604 30645 35359 39032 39903 40914 45519 46328 52674 53126 58639 77929 85664 92696
1065 19
9015 9836 28543 33295 36080 39346 50281 54970 56400 59899 73016 76483 77947 78289 87160 88148 91882 93966 95946
243 20
3667 4157 8039 14463 19979 22596 25516 27509 28617 33857 34016 40821 43824 48340 66764 67052 81411 85694 90322 91767
4172 20
375 1809 9431 11279 24224 24564 25870 34144 37227 61291 64796 67135 73170 76277 76947 81230 87093 89841 93456 95094
3240 19
2140 3239 12530 24970 28472 31252 31503 40965 41151 48404 58788 59117 60493 63771 66073 70624 75140 88967 95905
6718 20
1672 5870 6306 11486 14462 21013 22505 25050 38427 45002 46024 48788 49208 65227 73545 76171 84004 86973 90174 90812
6688 20
9103 22578 31119 31499 31997 36135 49367 55025 61095 64789 79150 81121 82872 83085 89247 90381 91244 91570 92751 94490
5883 18
4846 5749 7641 16870 30065 31854 36814 39790 43798 46693 52764 64138 68537 83191 84184 85585 87478 97060
1946 19
5055 6934 16007 18216 26043 34940 37602 39379 43211 45740 59859 61933 70491 70889 72024 81283 93984 94057 94673
1418 20
5959 16675 20226 26719 36158 37168 40677 41546 45974 48647 49730 55364 56066 56241 70987 76551 76713 80455 84881 90864
3313 19
12670 13500 15087 15393 16056 21240 27001 27145 29372 29810 39101 54001 55400 61534 69247 76838 78315 86764 97791
4024 19
7872 25713 40333 47185 56000 56147 61395 62073 67415 67597 70994 71113 71537 74278 74750 85138 88984 96867 97843
8964 20
4600 9673 9849 15675 17605 31142 35362 43860 53561 58163 64755 75538 76338 80136 80145 83880 88448 93683 96959 97490
2392 19
5874 9482 13110 19690 20247 24706 27503 38070 42608 45798 48016 49173 49985 50451 60584 61279 61950 62322 95757
4040 20
8867 11924 12231 14432 21499 22430 26095 30424 34899 45873 52041 63898 65694 66779 67458 82759 89659 96219 98640 99214
6937 20
2814 6552 15426 20272 26012 33859 36164 44769 47247 60107 62072 62652 63659 64550 80846 85692 89923 90470 96138 97743
2495 20
1722 4707 14896 22049 26985 27764 36009 45994 47549 48434 65060 65423 66336 68844 75157 76494 86359 86643 92082 98988
6236 20
6736 21997 23755 26472 31748 37495 43916 46152 49075 67257 71100 72514 74537 85494 88550 89011 89336 89773 95663 97316
2708 20
14008 14779 28024 34517 37677 39506 42940 43114 46311 56282 57484 58419 64931 73774 74184 75651 82422 83932 96343 96552
5371 20
148 6973 13317 16987 17832 19200 27757 30254 36848 44981 49611 59805 62941 64207 67048 70107 76146 88714 92326 92824
1841 20
2761 3036 6586 8138 9497 10323 21689 31189 37199 47022 57389 66478 76892 77503 84061 89534 90937 92269 95102 99961
7485 20
1530 11459 12622 17261 23497 24630 26815 36115 45375 62708 66322 71957 74992 75863 78824 83709 91006 92488 93074 97948
1356 20
1718 7850 13975 15920 40507 49706 52190 56979 57786 61543 63860 66975 70779 73445 74453 74656 77787 83283 89796 98328
1071 20
6476 6887 15724 16958 18563 24067 32627 37300 40591 51129 54740 58381 63642 69803 71649 72878 93264 95131 95206 95444
8903 20
2106 15826 18017 23782 25647 27919 32021 34201 36675 41038 57029 57343 68033 72762 78859 85260 89694 97455 97548 99759
6370 20
427 3501 18097 25601 32239 32566 33734 34253 37690 40362 43840 46583 48312 60385 84683 88380 91160 93433 93870 94898
5628 18
2466 19434 20184 37945 42200 42494 49668 50978 56090 60959 62968 65347 65848 70848 70865 77697 93725 98738
7637 19
3599 8429 11312 13345 14319 28763 44301 48679 55467 57007 63042 63221 64449 72436 76630 81221 81661 90300 97166
1708 19
5363 7109 13969 16336 30026 30138 30200 35718 42746 45679 47750 55210 63266 67395 73555 79508 85474 93112 97263
6217 19
3693 11473 12635 13626 21660 23486 24966 26532 31558 35640 39143 42311 45158 48716 67029 69296 76904 85806 94618
6132 20
3129 7367 22965 24486 26482 31414 31537 35404 49399 51697 53964 70159 70814 72999 78304 82418 86473 91995 98166 99616
3050 15
7507 14042 17096 20053 20139 31709 41617 50044 55851 57053 63291 69020 77035 80440 89911
1008 18
2818 13092 16964 27054 27777 31576 46188 49419 51508 52669 56557 57938 65480 78428 78515 84098 95842 96445
1379 19
5584 6759 13597 18061 26558 29568 30402 33885 35731 40691 50974 50975 54450 70157 79392 91675 94194 98744 99303
4871 20
920 2030 10014 11543 12492 17164 17652 18945 29616 42134 50357 52743 55914 58146 66996 68337 72701 79041 83073 98377
7533 19
12511 20309 22825 32632 37097 43403 43745 45926 46742 49380 50358 52024 52756 54296 61163 69426 70435 87845 95154
1766 19
554 6660 12421 13224 24458 50775 52409 53596 61094 67168 69757 72289 74387 75696 75892 77826 79777 81273 93776
7984 19
6981 7690 27980 38861 40900 44930 55615 56008 57104 57279 59248 60574 78896 83098 88120 91557 96995 97991 98660