33
149 194
28868 89402 14199 1809 98441 12902 98147 38239 25352 43029 35481 10052 39431 53601 1307 79338 57296 78326 26861 6168 44305 80887 92775 53769 55223 64258 71787 60062 99708 46721 83192 75955 83573 63262 25666 30374 18744 92609 98071 62847 6398 34020 32390 78607 25268 12053 29424 17295 24824 19868 71680 8587 5592 36419 81375 45759 94612 84398 8780 20641 74994 87348 8686 48143 44477 20156 78926 74947 96595 42304 30760 58613 97607 48036 93225 96254 45251 63026 39488 37744 88957 45184 39669 6070 29756 90350 4085 89523 1937 39601 98174 97935 53162 53300 56044 48265 82605 84097 19963 69189 67726 44201 78442 65019 8227 28695 64567 83567 3608 12880 45470 78271 52367 51857 4117 58681 60081 37999 60000 97058 86032 64807 31852 44867 40964 3224 40321 22847 34947 34672 18309 81801 4380 53945 87187 81045 86514 29357 55218 29836 66734 62959 11578 32727 33312 67245 17222 77082 40533 10173 18656 60095 24521 38797 48430 96951 31136 32724 37861 21157 33076 9507 81802 99854 18047 46106 58969 93976 86919 81311 65118 66394 94884 71742 564 94275 72966 67806 49024 50639 51315 27629 79749 44836 8696 60578 97148 96220 37610 48271 76036 91353 98539 88112
355 188
32451 10092 80415 1765 89556 46259 88215 30077 74848 87686 57777 15741 59441 87156 82713 1571 94772 60648 73950 98832 94809 34781 39943 20725 71357 63992 44411 2403 87873 58740 45852 94432 9047 62790 3932 74328 68084 48049 71383 51341 55786 44849 50170 41467 93324 94600 94972 32019 79837 29584 93000 47583 76734 66538 70813 15080 37395 3807 24129 72889 17877 40467 15311 95180 44291 19444 37714 99478 28682 41514 18927 17514 13380 98972 88241 42195 33749 5085 24103 49202 4648 74824 61216 74783 28064 84667 56353 72572 96014 4393 31790 62568 84761 10105 85028 17559 38325 43471 14848 28809 99055 87632 92831 86622 53968 81084 19678 19776 12221 70473 91484 35822 1691 90745 53997 78138 63664 41142 37718 71750 30871 14123 9427 50543 32647 99847 96793 43965 27201 29272 26227 19971 69607 53730 29089 7926 4455 1421 44277 82015 14947 83817 80053 75173 33936 82039 20723 77534 20869 17020 20896 58979 16044 1583 82309 72473 81054 96427 21366 18666 88297 77586 10928 71459 30733 27846 17711 3088 78214 51188 9268 90950 8057 57675 99817 66754 49243 28008 77547 77870 58696 82035 55977 14630 69645 76657 81854 6744
689 182
24598 15834 29727 18569 97007 38925 36128 64877 53430 98401 32795 51495 4140 68562 90953 79033 5744 62215 74593 21043 44636 40687 69921 43998 61796 55016 11935 10017 99254 10377 66609 25389 56372 87720 69381 86535 13982 16270 66671 48085 18647 26799 31055 82849 92840 11144 50137 92078 68977 92007 72189 31001 56444 65517 91029 10606 57184 85791 17033 47353 59692 6332 12434 54815 22429 12408 70123 98687 6145 96479 60017 89403 69450 76934 33460 77829 73009 44983 7923 44812 23170 60753 92960 68624 67898 9028 51001 31494 66995 27210 7726 76247 83784 81716 68402 31147 70674 26276 31859 69145 87799 46974 93716 78706 4253 5905 9330 41316 2692 42837 68642 99747 19134 96471 91938 63382 88061 52608 7862 34409 64254 44882 40367 96168 70710 1623 76086 68550 39617 38919 9846 73111 9263 8216 58187 57333 21970 21957 76416 95435 43297 23076 50450 84997 92142 18048 4764 17415 55496 40601 75326 85685 38241 41397 98800 41162 25415 64498 18628 65395 21218 47909 57307 89733 9497 9678 60033 27900 38075 19711 83419 91812 37089 61578 42326 16436 55259 76189 90402 87576 30114 74799
938 176
64384 46479 61819 44233 7335 69124 28308 50394 98363 27510 5447 8971 21821 75829 94668 81968 59342 80877 29016 35364 5108 94441 49160 99091 13767 60159 44053 45001 57152 78620 34972 16899 17235 52558 19552 1086 30367 74743 50690 94030 93697 81807 46439 69832 95926 98057 25685 42557 53811 31711 28615 60172 12376 62316 8886 94449 4966 54628 83703 75125 31136 68783 41383 61048 12810 26175 14835 14507 7423 27262 83372 86275 46922 89648 36219 24496 77830 21377 13247 30117 2431 27053 83641 64039 26999 70270 75834 48226 65158 10817 15203 3668 77185 27106 23009 25638 63012 31629 77300 65112 22845 30472 76401 87111 48558 78440 4022 71897 47924 33867 87378 76731 24592 2627 82906 9814 18422 53390 57485 48159 62037 34435 60818 78287 52227 52783 21755 4494 8481 12694 37099 13300 98662 56620 81991 20781 60473 25038 42582 93900 21576 35996 21559 5913 37550 85321 94452 79070 98897 19161 96288 2506 59672 8014 99202 64379 17816 29978 43781 95722 14283 93535 12102 33336 51818 52725 84747 16624 22722 33379 5520 59853 83900 42927 70392 65254
329 170
73181 43285 6907 85653 37174 37469 48081 78302 55973 70310 94166 28763 52833 55958 32470 31987 37881 10135 37635 16381 37850 39135 33337 93394 23863 76243 98672 9292 1034 9407 47189 66684 33490 26843 53154 12564 81778 28616 7901 32583 12507 1904 30360 49066 40816 30001 67924 82926 65061 40831 39238 14129 38504 64721 16649 66717 52039 29341 3420 40012 18460 82432 4527 32949 50373 91742 55257 73627 12517 37226 75913 78202 92669 51794 46130 87795 27809 71418 23811 68810 99028 40541 79964 69300 66239 59547 13449 25929 42836 39751 18891 65549 99254 16080 73492 69274 59408 95936 9324 33744 86673 36452 59141 71723 41612 85886 10670 39605 91804 2089 32932 31088 99096 92715 3825 80981 64977 88748 30282 37778 17459 45455 63120 38819 28481 61340 22757 28757 28158 29233 90360 95181 36743 1691 8539 23025 36631 42837 38991 78158 98076 20177 83955 12635 39972 43415 42351 67089 39567 26873 52070 26384 86874 51376 62321 19093 28989 17137 26166 76974 43699 72055 58172 38130 10147 79084 51604 79928 88126 95593
30 164
45884 10051 11468 91906 60050 63845 32300 20549 1419 77712 44616 58306 99032 48250 83852 60625 31834 23440 54921 35530 2836 41296 26090 30119 9744 320 55602 46349 20228 16274 60594 56281 4633 13043 26734 36854 77963 34573 20059 18714 62695 50758 18549 66141 93213 92759 69858 15861 25763 96032 44608 43435 63856 35352 77999 6953 24608 67055 53598 94399 46922 5054 24960 63789 10372 46000 70486 25946 16611 67049 79516 80912 55429 17427 10356 97346 74817 66689 45351 80450 63018 31434 2377 20053 45655 68075 63494 98488 41941 91558 53993 32043 2533 66857 87613 17173 25251 58166 77964 68123 72581 87874 50097 85523 9443 89799 84048 66116 22201 59449 77166 34030 47437 20834 84019 82742 14672 22375 41522 74445 80425 72490 299 70930 3622 83200 79657 69334 60482 31683 25436 30152 41786 44229 97130 81478 62743 83140 16652 78810 73914 8825 73868 54146 46532 74730 54274 49490 51066 61485 18543 31558 60887 26866 18110 91843 88789 54796 51436 87209 21443 41538 56285 77089
756 158
86804 85515 2680 60997 11017 88689 94928 37797 99760 94283 10569 25601 27948 99028 26251 76030 65309 78723 90071 73195 55325 81950 53368 57011 92828 41631 83047 67251 17230 45356 82133 43638 31176 7784 69786 79125 52309 21382 50611 34248 8427 84125 7964 96140 20248 21568 59921 4357 95499 84826 37236 41601 17963 58644 97669 5986 28200 28069 39880 1459 77546 78754 24684 40732 20133 35499 73534 58730 57977 81416 41347 50942 30295 27899 6167 75527 46799 87685 80950 30917 57804 35443 13413 79235 93306 31097 16725 96456 42454 34927 11160 16690 38948 56386 79661 21200 2540 93976 38178 63745 57261 2309 21775 61425 6462 12780 80521 80039 32301 83686 29283 20307 81236 21837 97515 78244 52451 26385 94685 42471 58410 75080 40648 74955 8196 93934 8233 52477 9366 6891 30136 35881 75554 52299 21251 98873 32424 55850 99178 15839 58768 55790 90680 26076 43572 37672 1899 96801 30532 52380 94275 22462 93756 99600 62571 24554 33005 52778
529 152
3694 57906 34938 76018 65512 11947 35853 63215 31527 50337 56473 9834 17075 62242 14353 64783 59738 59947 80886 81166 488 35995 85129 15953 29332 16982 74354 75600 99503 33825 81181 98069 7873 54088 10537 83032 13654 9487 2262 18111 4077 96943 97518 94016 81914 61371 95422 11020 829 58931 84550 13366 49445 49430 90527 66155 93434 76796 76297 99324 2840 527 97435 25809 19346 59936 19629 50626 18710 96168 77682 87036 8176 84472 98343 15971 29164 30901 46312 77209 92559 19113 27616 88656 99782 8133 89943 99127 34101 97227 7972 36430 92130 90091 99983 16584 34767 39264 51970 4073 94697 3016 5278 73355 34290 4720 44097 3569 87831 68567 92877 1457 92860 84738 87464 80505 90814 54033 31011 93124 81665 83580 61085 60224 59184 70808 70420 28954 66045 74109 68311 30927 49174 34872 558 85047 6016 76475 60037 78114 97449 50917 2500 20256 37424 51913 78860 40320 27706 26294 61285 93460
3 146
36011 46892 31701 63385 58824 87514 69366 63450 39813 94013 4881 47098 97814 90014 3913 90494 48184 56487 69807 70948 47794 66944 75745 53186 96644 39828 81436 26193 77519 78112 8942 26969 76760 58117 23950 13942 25519 87513 38462 39655 70842 79304 73244 70510 50474 98528 52580 21714 90680 55097 30326 18320 58139 23651 83844 28376 59104 18435 1469 40647 14897 72141 36739 53183 86163 44866 21401 46901 70338 4266 52315 10564 11871 27695 26890 18870 74867 59696 81848 72447 99512 40401 22184 88797 22656 48998 948 49150 87850 42853 53685 62311 83023 32012 53997 16250 39650 43921 94255 43623 47786 84925 80698 83200 86694 67278 70555 61196 36019 8781 58029 18629 57446 2276 80494 36400 2309 96300 77931 34155 32027 75513 11562 43648 76485 73536 34421 95504 7351 34664 39783 62651 89806 78961 32485 51839 73272 73038 33442 75469 15544 35424 6501 92895 68578 86356
955 140
89649 23524 68240 94167 53764 6406 43665 99206 40990 27171 13817 56147 97764 96889 77045 21499 93072 23119 66440 28270 91587 87069 69945 67197 73628 80348 2961 2539 7224 25748 11281 68771 57449 70973 98740 27646 7195 97944 84792 44681 74111 48036 46960 57983 58254 76777 81411 57267 78204 95182 98975 55598 95887 20344 7997 46216 41609 33373 43075 62013 77712 86338 95336 97836 82271 21458 22464 10850 44789 54934 25633 35825 19650 11763 39352 80159 77540 3961 6131 63691 50391 87114 53622 62907 21709 770 67458 72895 64482 49802 49512 20247 73398 35703 71214 10935 63029 54038 19917 31927 74989 65102 90914 38046 93929 24920 32161 49607 75664 67080 21570 16712 97618 29534 85552 3908 30961 65046 46226 53423 76818 84688 76559 81548 5003 7572 21419 56514 45823 42558 68827 32705 51582 72554 10076 17290 37023 46016 79428 3021
858 134
89089 41735 66247 87852 58995 30154 33709 95820 16809 38686 38419 31079 47305 94016 52831 67360 2608 38347 16090 82434 89484 81933 16511 44191 37554 23879 25667 33837 99545 9170 88968 39825 46779 4647 18350 44041 15987 58675 36118 89246 5880 41952 22404 48139 27349 16171 82358 10077 17180 54427 70667 10683 24915 23959 80239 74305 20352 90966 76426 24982 73189 53823 93377 62656 31287 36769 37035 88447 22318 24485 34774 24922 56678 60430 5194 73719 19269 78273 56433 61288 45839 89227 20636 27249 45170 54301 22474 23334 12317 96853 51669 19163 88467 97593 26880 68612 57477 3232 23222 49447 73997 66118 72215 81869 15888 22353 79254 90111 4248 16836 33536 48036 31051 40920 7020 77365 3758 96136 66995 35620 18239 36020 12225 1435 10629 85104 27730 77128 5973 89886 1640 48766 82772 28852
77 128
93293 17792 94454 31567 99520 85092 8637 85080 11496 27997 20265 82309 19052 78304 64924 9519 28781 41393 45552 46115 93924 22718 56129 12527 36032 60991 44292 89380 77740 7315 67543 45533 16348 66183 67652 65403 70331 39480 46331 63514 8979 69740 99556 68835 37637 32533 29878 36685 61104 3604 12665 90882 20403 44735 22747 14237 46321 98830 59719 56478 8485 28322 50695 18731 91690 71825 54691 71551 95743 9991 72935 28599 87487 33529 39025 7159 63497 39772 76119 91449 84691 59426 47466 9339 91215 24341 52550 65233 39782 18936 37074 20747 76304 68404 66725 45108 2604 30094 19596 8750 87184 69383 70458 56902 52305 76314 62336 13859 78051 86677 70016 50344 64563 33252 53639 7412 30092 22688 18027 94383 53511 29013 83501 55959 35478 51068 38129 15561
367 122
13309 90361 29100 52127 59736 37211 15011 30434 30093 26303 27772 60829 40281 77221 64039 61310 41805 63870 95340 39412 9156 12435 74214 36629 71363 47701 55601 20767 10724 84952 51692 63180 45770 53356 85567 24684 48780 89576 25415 1692 791 24392 2287 49106 71261 30455 57238 53484 90947 13181 98313 31950 63673 33773 63384 43867 21909 5244 94902 66441 27132 80963 74522 85 61697 77020 75683 7787 98812 33765 33058 76006 85209 69781 25816 85302 87476 53921 25505 52347 29930 78542 20549 31803 68350 72691 50648 35529 22709 88448 71966 67715 24490 52142 96378 38710 12831 57835 78761 76417 37754 86245 50641 29782 19686 87888 22422 78805 83018 97247 31121 41346 76236 10584 68908 41789 80629 59252 82081 27262 47587 14170
558 116
80633 41795 23813 18467 59869 21514 16576 57943 18870 53188 84961 46510 81415 56549 30077 39329 40830 81967 1155 79474 35115 15383 10319 67661 60890 56051 59148 81713 31143 29887 55047 49825 55803 83998 87218 8145 78818 92842 27275 3908 83489 44021 62690 52140 8570 17165 70688 22162 25678 63843 5410 10321 44230 65538 32380 67045 65552 95871 1034 10733 83234 30174 60091 2027 72195 18049 80053 85793 41608 26209 63114 18916 82627 16316 62344 77965 61149 24614 8077 17070 92495 82318 85375 37136 46908 46768 32714 856 11137 52363 58609 52530 25404 5532 49909 61924 68600 58995 75699 37082 4734 64702 29916 61265 76606 93441 25916 68875 37339 86035 7361 22697 73316 26202 28647 82342
610 110
51374 50981 99941 23725 3938 21587 37317 11337 20510 50069 271 23493 49938 57964 42637 83580 27102 81464 91775 33649 3052 24020 44582 41438 33173 33823 9983 3767 77337 26632 81417 82602 18690 46235 4146 49495 8959 91814 18021 30900 82396 12958 43729 81706 66648 78073 90037 97975 42178 10205 85720 14212 84905 13001 55606 76514 58121 49334 19338 91511 54009 5460 8213 55391 97198 84562 62930 14951 2142 91233 82514 70335 37040 66368 80727 91464 52694 84774 68688 53410 43939 91757 12457 19516 37168 6484 42244 78084 51223 88915 4046 93633 5709 54702 43104 73846 88889 20318 41256 3070 98954 55730 40979 9330 29596 63559 11692 65145 36646 9061
675 104
42007 89311 60701 79615 34329 33762 58693 33078 29229 25570 87992 59036 3927 18393 48452 10383 89736 63065 76482 86319 93291 8670 23882 12184 71668 75350 47140 56270 89635 14672 81982 83045 29253 58733 64267 50371 30303 21930 84218 79277 73856 80195 93670 39984 7176 23938 10646 51237 58260 5798 4046 52170 85879 37943 94861 9924 13306 39497 11853 19934 79777 33645 59256 25897 98537 4141 92755 46265 74189 35583 5441 96447 19981 11375 21123 98163 33049 30024 28162 43497 255 70536 94965 28798 65062 75971 88200 25110 91431 8741 75764 87727 61576 30571 61347 40539 54655 42794 73459 19724 62826 25742 76655 63490
681 98
46923 88149 87542 73866 92271 34041 94320 36209 48319 78543 45641 33042 89800 59022 1504 30317 77620 1526 13204 35739 85683 39429 47723 92360 34288 93850 59610 70753 84672 79768 37660 37088 7744 91360 29909 85840 4355 15600 86428 25864 65152 33183 70284 84174 17905 39893 1278 7740 33747 27412 62228 26936 40389 20596 25277 7039 33621 90926 89743 9449 77559 46260 66944 2914 9198 86788 89844 42378 74818 32427 71617 49716 89924 26973 95348 42682 54510 42558 20710 38351 36783 28542 93632 25282 39556 34745 27230 64281 47394 93885 48844 6466 41716 61624 82098 59388 10997 89148
467 92
81823 92861 23283 50794 78527 13115 85792 44321 42962 78702 30467 45149 26723 72470 43506 56507 70835 52834 32162 27280 70765 10737 87427 79280 60436 41453 36559 26780 75414 48710 63278 70751 48977 70887 3586 23401 85288 73298 82608 39780 84502 79973 13888 68551 84792 10105 89855 96675 58011 6082 1648 98147 58716 97520 82636 37072 6486 37925 61221 61663 44268 55240 82858 96131 7837 5427 49999 33342 68110 69514 66905 81367 87684 32562 904 33178 57585 89728 15084 2404 85675 15235 93894 20494 69749 75105 59714 14144 78921 94150 17992 62690
810 86
24500 75139 22163 14701 41627 83099 68516 82955 40392 15922 21607 40570 14793 91998 28277 53340 33212 76433 67027 53333 14492 87199 43763 32990 54525 47868 54002 60921 44346 89601 28089 77009 22794 71751 82592 58895 20374 63505 63443 80791 86848 97066 83087 551 65359 74321 49230 27245 9773 67492 18581 27351 23228 89874 50470 43443 34664 15171 5769 38659 86547 45870 28454 547 17319 62615 36647 53162 67883 4185 88283 17767 20998 73478 50306 18068 78827 77779 1344 77386 16264 6752 82395 72162 93448 35939
264 80
80153 19022 52664 46999 88789 47841 11541 39089 18369 64969 2201 16253 77076 59834 88248 54721 72555 91735 12383 1224 83691 37314 42691 10214 16833 13580 26977 81549 53518 89600 59904 70323 62345 5549 58743 27811 87909 50947 37274 59500 28644 76145 51940 66619 70024 17945 98090 12579 28038 62969 24214 87476 1212 20731 14638 69586 60146 82214 90607 34732 13449 43905 71786 33426 30357 40431 9023 18284 27160 80681 63 83928 71799 12485 59990 46950 80561 83417 77703 70296
817 74
95211 68993 5204 6093 43034 19216 67433 23714 24817 61541 94565 80177 93115 14988 74977 6925 46185 29838 10996 57973 82248 71432 41148 91532 59746 25236 63499 98519 37019 52472 71184 42666 92632 64773 62874 92343 52431 19225 75784 79722 86243 33387 69894 10070 37102 81714 97112 68039 48454 39891 68179 10464 10186 92126 54433 84131 40070 28542 28616 59212 77714 65368 5047 35814 98263 2920 56257 25210 18764 48711 72734 16463 72744 64245
888 68
70062 68183 10749 84216 95486 34251 33661 47172 84301 24125 1469 49468 57189 73554 85113 76663 36280 1711 33930 52331 46791 38142 30026 94586 89947 18605 29664 35520 90123 65766 38429 44728 18448 54239 98681 54170 66471 61145 46961 95132 34541 4373 8837 87498 29690 13159 24066 40856 67873 37717 70513 71894 42327 24533 18126 63912 78987 67919 57703 40926 69 95417 7617 14308 57639 21261 47235 83337
775 62
51214 6825 83982 61805 87460 34446 21299 51097 17081 27182 17995 74693 7050 27176 38556 31067 64765 57575 468 50093 97660 20941 53511 3629 21857 69375 16264 62516 20400 40030 4503 40284 87748 56858 41344 42076 41213 33657 59845 77528 22453 68016 42545 44885 72341 86966 2566 96775 32511 5649 3602 90572 50448 68456 47496 71679 46117 47885 19633 92168 92275 19274
144 2
86252 2159
599 51
13008 75831 84960 77129 86653 78566 6685 86804 68860 21089 29558 13287 33562 7148 86153 51769 24673 93730 93875 2645 32993 98034 38872 28323 40230 111 98929 11031 6709 9407 78849 59885 86577 7103 81720 87251 56699 96141 19814 88912 15010 90064 37354 79068 76301 46622 78932 65556 44677 33068 55767
169 45
81795 32079 85042 69934 16580 62147 61803 81346 59597 59560 34552 2080 13844 39860 42775 46793 11587 7351 41840 88256 53359 94336 96163 97176 62555 89959 38116 51155 23993 94519 35173 983 41920 99110 49885 45020 86927 4408 86719 33249 86872 4303 68461 3588 53244
172 39
24440 83740 83004 65301 38443 35226 48484 24169 54962 41322 38230 33139 16336 3594 16407 54863 8449 62367 20076 891 81055 94925 48737 91666 97563 45346 32185 60912 72382 52378 23321 48175 39106 54140 61974 60280 18177 48071 86709
99 33
20715 73530 7916 30427 89629 10353 19994 49830 58544 28071 81338 59601 39197 5997 56243 97311 53 9597 54189 77946 92171 83088 82446 73881 18474 75168 58467 14538 98637 91354 9250 20123 90697
44 8
48493 12732 6481 11301 19798 27027 7177 67337
294 20
7023 91660 12697 50761 6224 70443 13248 16933 52046 80469 79425 81421 75636 74109 14776 81343 58366 72289 61227 71725
524 14
73306 607 34529 22821 20726 59268 55202 13501 40602 22331 94957 32624 73804 92046
98 8
11959 42518 84961 92120 79719 12760 22567 66858
487 2
71673 34777