156
9552 18
90224 57144 31640 94372 68266 95763 46772 53136 88845 24183 86820 42385 85202 3633 54905 32396 59271 10041
880 15
25473 74121 12959 47677 77699 4267 59434 87222 44432 63416 71269 22432 5116 42597 53771
9090 16
20149 78775 36156 33920 18753 77548 22873 28116 94269 31119 45853 26503 84939 87479 7309 73951
292 10
90971 7376 68442 23671 87532 33538 96318 97706 40035 53449
3544 18
58492 90268 45484 90344 52352 87684 91205 30277 17057 44630 500 10210 8268 29114 72261 44574 74070 88718
8122 10
93479 99042 93036 70857 55650 53274 22757 98957 62802 6121
1415 12
35560 86353 18746 11057 77295 83073 59570 36581 89423 12331 60818 67311
8663 11
87246 97554 38608 56195 43539 60655 9850 8726 17711 6134 49876
8036 17
29718 52583 90167 47147 71590 23125 56936 99984 14764 33652 23732 98639 75018 81893 80737 31787 10156
3880 10
62574 910 23348 75106 19023 13696 77728 68921 45098 81172
6881 17
84785 10205 88414 92521 26622 27858 12342 62265 88910 88338 51204 73056 24912 75066 57923 38280 73225
8393 14
98670 32617 18672 73093 8067 26685 92770 86519 89016 89010 2645 59992 73263 60975
9673 12
22868 71432 76288 71259 68269 54781 66150 73814 16777 24398 95850 55347
7699 19
28705 19924 81304 66233 97305 63206 55838 11227 52718 33178 55520 95288 39033 14901 31268 69624 89265 81612 57789
9840 12
40243 84012 97955 956 6114 84956 40557 44033 35418 38435 74715 53882
7621 10
14524 18660 49166 3490 83304 20930 54070 33046 31520 74425
4939 17
91079 98477 53736 91758 2901 39981 87961 93448 61895 2372 74060 19802 6418 82525 74568 85068 64200
5063 16
10488 99035 16565 85603 1751 70020 88748 16898 28687 77709 97276 22031 46702 97653 43466 11671
6775 19
45455 64188 51108 13257 47371 20503 38220 15497 30379 18653 46827 21603 80551 2439 16085 77959 1486 40484 91134
3287 11
56994 35276 26785 42747 82783 56029 29533 36123 53392 64068 15295
7986 20
48043 17633 80852 88322 82154 50060 21335 88254 39489 1173 86348 68716 80082 52742 43974 76969 48680 72772 75993 86617
8468 11
4451 3445 77331 89185 9802 41076 65268 6497 73582 56960 9576
5629 10
3019 4221 4909 21830 15209 83836 47945 96565 30294 5536
2589 20
48434 24822 71620 91405 63490 3679 75063 40290 98740 3674 2285 11937 52403 79365 7134 86436 55982 81070 63242 28106
1968 10
85867 51125 36805 76283 58792 81056 25937 89294 16844 95359
3410 12
73312 79881 22099 39318 67034 24469 63829 1298 38782 29557 51717 15440
1882 15
1115 7095 8210 79300 56135 31639 40602 46901 87432 23765 48184 1039 35274 70036 94606
8096 17
79359 17341 12929 63352 92274 17953 77878 67931 34875 90108 98215 29802 24932 44950 64920 20205 57028
5982 16
75048 32536 73071 47197 88334 6476 54313 92394 82775 39467 76335 57094 58672 18359 55607 66929
110 14
18974 34514 18543 55957 73627 58455 12100 56354 60416 58432 88693 89159 7453 58343
991 13
66606 38263 10958 3371 59675 37387 98212 61175 79644 33662 36641 92116 91091
1774 19
77428 7880 39148 21029 68077 34559 23141 95832 91682 94580 48140 68540 2578 77711 27647 83394 3389 5778 21024
9118 20
18995 25154 34073 42877 68533 73969 98028 98092 93276 74796 73258 32771 16910 68079 11719 23943 54996 70030 20045 91227
9845 19
26136 18881 916 17412 29601 39398 76611 43106 29405 17059 62036 13667 78681 59022 25038 13994 61588 75901 86225
3442 15
32738 57347 78984 50540 21304 78434 40952 87123 26855 91181 94270 53630 57074 61905 12767
2495 20
68844 65423 36009 47549 26985 14896 75157 1722 98988 45994 76494 66336 48434 92082 4707 27764 22049 65060 86643 86359
8727 18
84266 46623 16388 85539 76113 14292 90270 16316 26077 84050 22394 27508 95019 29925 46263 19231 37728 78207
6198 10
87273 27559 80042 10970 66502 40249 21948 17880 39064 76978
8698 19
63710 98818 56630 14916 28972 71847 41265 66760 46625 92938 90729 45332 25362 68296 27204 20144 71134 78515 22417
2946 20
62467 48516 92433 65665 73143 23348 14007 93096 18749 2777 83550 92910 898 48820 12946 89149 23193 19058 95308 24439
176 13
71113 16998 10945 28722 2223 52991 19115 85538 16357 517 13606 73924 80255
1102 10
75798 22815 34513 102 14312 68199 99827 61617 65592 24549
7020 17
99369 20853 47260 46282 46044 49787 36960 8855 4781 49541 93291 41123 44705 99471 88410 18862 50381
5572 16
78915 53463 28243 29865 40327 85131 3682 44906 49115 25896 5898 44389 39577 31855 92182 10851
7953 20
31151 31686 68367 25822 22620 90537 55372 5264 76367 80570 69943 12863 93292 52269 97781 10059 77842 89599 93054 91207
1775 18
62011 73143 35238 740 18713 98988 63993 82586 49194 14531 74142 27725 47251 35613 87732 93811 89492 82479
7068 20
72539 47450 80396 10876 68501 50394 67357 7651 15224 25139 97155 40257 76252 71424 57496 8617 49030 98978 83139 63537
7971 14
56417 88076 31306 38567 63328 71808 9641 83977 92957 45568 80790 7332 13183 18929
5652 19
33819 94582 23898 16201 38269 39031 91764 37983 73136 44694 97693 1092 2199 58335 99574 81509 87386 87106 51734
7988 19
6005 92503 56061 11809 73639 99652 52276 77953 71914 74963 60842 73737 56908 38340 99324 54800 78125 50143 29220
4767 14
14803 84459 24827 96660 28234 5891 91510 23305 39064 26825 50864 82868 88543 88103
8032 12
25312 11547 37631 76462 88133 4430 94888 88055 59915 17446 88138 6254
1278 16
43818 38345 75121 33952 43545 87590 13477 74072 4172 22413 10390 15697 74377 68240 53810 90349
7787 15
67396 30981 14063 85869 93513 46838 40768 43644 52185 79037 10289 77519 53134 67639 74292
5437 19
84137 75118 37541 39244 99313 94845 90727 40517 46209 70941 19419 49865 78972 10326 36537 62156 29133 63416 58359
1739 11
29370 72874 78132 32025 44037 15933 6282 44015 97610 18261 9555
6234 12
56164 99871 92718 62275 92953 8422 60499 57669 83461 86395 20832 91290
6692 16
12835 89424 45944 82345 22339 9262 32200 35104 76676 25615 76111 46558 96767 77310 28401 7892
6946 17
49436 73366 91591 18210 30558 7713 1989 41924 41494 65574 19104 45419 73738 25083 17325 6374 23064
2466 12
76078 35727 59639 2613 19116 13701 93459 41722 47254 91345 88048 67175
9079 11
70917 77286 56335 88239 13032 82666 14154 76617 42730 11428 52028
478 11
1324 9043 59508 86532 65317 58570 77600 56616 62019 1769 32276
802 15
10596 94030 10348 47333 12551 97788 5392 79239 74211 60794 79532 26092 37581 88281 82951
4165 19
34452 69381 36051 33826 66653 61227 38843 37799 34284 60321 48679 96740 67136 92363 18281 20374 26987 16002 92771
7560 13
86182 59242 43494 65101 95084 27497 8139 25538 43298 18879 67717 44237 78886
6175 20
40408 96787 6439 67606 77856 38729 12358 84691 74460 74707 10039 18537 97980 87538 60953 69334 26121 39664 47858 564
9777 15
63455 90049 20850 87195 35797 23761 12467 22915 28753 9919 47767 94119 96601 63436 12910
7473 16
53865 57140 23597 11411 42330 80558 61278 92219 91509 33143 85764 32872 45080 9937 20594 87335
2716 10
31428 20575 63112 46759 86789 75771 71890 49733 52138 85684
1276 18
90043 17409 74597 60475 76132 54860 250 74031 34634 68387 46552 24504 46236 97690 58725 20540 23611 60179
7381 18
23045 94950 14329 11332 93734 9678 98865 63214 31361 63479 3118 44296 86086 77720 67078 57198 4972 62231
1932 18
37908 49830 70323 29905 78764 44091 43717 44396 58061 96632 78380 9581 84802 95587 77693 11615 13256 85131
473 11
62698 27522 35705 29416 58127 95661 55727 60306 88441 97594 29772
9206 17
43191 32482 21079 9756 90445 66370 84488 32035 65888 65255 8040 90619 74688 93372 88659 91019 78700
8947 16
23542 66712 72038 60169 21566 11808 13578 74907 66683 64187 71924 57802 67999 46131 62910 69146
3344 19
69714 70699 56232 6012 14568 99765 82050 79963 61193 33216 53275 56345 82399 60161 35800 22312 77142 72377 86611
8808 13
10910 27576 85293 46348 86280 73297 20779 22126 90628 55139 99876 59169 27847
3516 10
53372 46928 9395 69463 25810 9978 6103 27989 49344 69880
4976 17
73118 92092 37490 2945 36526 83021 76445 9236 32179 79198 3997 83784 3294 13666 61870 79906 87711
6778 18
34242 59211 29637 74162 6127 6880 73491 98077 54201 35639 87782 21137 37912 20464 30961 16495 52112 95296
1928 20
71220 97196 9633 83502 56262 78401 16058 98559 50666 13849 29389 7612 28227 91387 71206 35298 99276 37082 2137 30272
8365 17
11766 3206 52757 58451 26995 84037 26756 71528 54089 58811 38064 30340 52018 72072 53574 32639 3184
2715 13
43660 73485 83676 80072 87076 86458 14041 1038 29937 75360 86233 61015 93281
9452 13
18506 73408 47019 11499 52807 35002 82358 3067 72254 34898 72142 40279 99957
9336 15
95682 18601 77454 69072 18473 31985 7095 50935 76358 14610 4034 89465 66404 98817 70375
3896 12
50426 4590 35868 9351 35343 23910 33554 91455 78441 75937 56207 82914
3847 16
21464 59387 2673 83717 2295 58856 20564 72696 71383 20395 56407 69590 90472 86883 70053 11931
2263 14
18603 44040 10796 3136 81016 35422 71256 45500 29744 16989 26840 94211 63201 55412
8913 17
93711 91047 78496 55269 13332 44899 96414 46836 66558 83683 64851 40943 71180 62853 87226 92622 81494
9050 19
15685 49814 58266 66215 78140 6413 69708 17366 71952 74653 8051 36869 88577 3889 1448 48854 77321 88542 23599
4523 19
80123 3867 1144 41534 69524 39922 17072 31314 96393 12472 22245 52073 15898 92316 61460 75486 41987 49339 72151
2092 12
15757 62323 24670 21308 75237 10972 36046 93702 58411 37727 57253 57172
1875 10
2866 30913 6913 93581 32098 35936 41170 65010 55570 16928
8858 16
13232 1147 86450 9267 52613 88898 63679 32555 27458 65065 79921 42378 60132 17356 6962 99019
269 14
48729 19120 1532 62240 54230 52499 37004 48343 94395 9708 7395 44337 27428 41281
4161 18
70495 71136 26151 43903 6123 58830 8554 22736 67072 54607 29767 44725 97390 71239 60484 96486 36175 44979
8475 17
49521 89256 70739 40112 28469 55086 16360 61275 33467 64135 10379 10925 91513 4731 47704 47352 54014
3197 20
99941 50515 46959 60699 42164 14134 37650 44100 57086 15359 30375 15294 1864 82717 59670 15037 85980 14783 43206 56321
4770 17
21254 51012 62375 16811 80321 84526 971 55929 25847 49583 18939 33774 9894 66472 78906 82101 46280
9899 16
97556 87520 95372 22209 65399 20726 15968 46712 36491 14382 14623 6734 93401 43684 17751 38117
5307 11
17271 47642 35808 52652 25657 68865 92924 83746 86071 81649 70498
8629 14
56352 27585 82619 64327 8772 36899 47211 74877 29161 27604 76472 64426 42676 39787
9635 14
86859 18339 64192 64695 36346 56946 63684 51233 84778 36307 63451 14909 49043 63522
234 12
28337 43520 29843 72288 12986 42985 93694 63379 88198 24417 57826 72369
9087 14
49175 59055 66368 14319 84749 10010 31070 91409 93978 81365 93231 99646 73634 76864
8239 17
46954 5186 79690 96392 28532 96795 36389 17215 39089 30991 57146 450 36454 6475 24069 34187 1708
3559 10
29299 6664 75645 19531 21422 71514 5616 76341 80983 42400
8707 19
67471 8323 49834 4942 85562 32570 89254 49177 91412 10087 20074 16277 76796 28732 77342 97643 70105 8992 97505
2384 19
89392 72828 52570 65527 75040 84077 47168 15032 44035 40514 40138 92352 6258 83871 32593 66377 28226 74373 34763
9511 17
20755 83569 90779 52399 89210 9748 50865 82199 70245 1474 96099 60523 26956 7707 19134 629 44859
5516 17
91005 22850 1795 59323 85297 77818 78235 70693 89166 32184 95333 93303 91338 51387 59818 69487 67653
433 10
50022 74877 54623 12265 77698 14492 1166 67389 67190 10289
6527 11
20897 21126 12081 70442 7764 30056 29397 67698 92018 1614 23099
8874 14
94074 35356 17643 36722 65936 66544 77937 49184 91194 47299 74821 53521 26750 49629
9435 18
1142 94951 54613 53689 48873 71557 98686 40851 48787 52345 87110 13659 84434 3753 76409 69533 11995 48002
5271 15
32957 1215 40280 21585 93526 69633 34966 1501 15361 11409 10000 6348 1571 5743 41853
6102 14
69957 73650 46202 10883 58903 64130 18204 86205 66375 28951 83902 69106 56737 5867
7299 18
19975 10583 36988 81099 36098 96278 40053 29286 43808 95455 63716 95159 39925 61575 99866 5302 10914 89647
2615 16
72624 20752 55463 52096 43099 63835 1184 67418 46624 22914 73754 2873 54528 55184 84208 73981
5076 18
91725 5897 10279 75343 53659 84936 6149 71239 95265 4276 86919 88867 58890 86242 54394 31972 69382 61896
6166 17
72073 76846 99644 87335 87544 46145 8421 75037 36656 33863 24939 57251 49953 77702 87011 42445 26155
9222 17
83346 10277 53996 30434 78095 71913 56873 56249 97879 43120 43681 50454 81417 96090 92806 29421 13243
2593 14
24237 6263 85202 58783 30202 400 64211 95838 71064 9711 79044 89210 57482 50565
3541 10
90250 19637 1840 63408 6368 57141 17953 43375 81982 46212
6438 14
58259 64564 32723 52163 31212 42372 10160 62177 64549 84986 32081 95718 62112 48940
9866 18
76475 48961 54283 15118 47055 38044 91969 17896 33824 39032 27889 62003 499 60370 3146 83322 76335 29136
5943 11
56581 63764 77113 2013 40190 69178 74997 88466 39819 83145 66507
9563 15
90664 67773 15621 96608 57886 15837 7403 64021 27251 5721 24968 16342 60676 34232 55014
8713 16
43209 34939 72714 61429 67293 5124 28902 1490 10372 34916 16942 80978 42292 23882 79029 30057
5949 16
7944 70197 65226 92204 29210 45952 86967 12795 44274 53040 3050 90658 38597 57535 54325 37367
2002 15
495 87382 64854 25470 77456 61613 75573 78059 60377 85748 99873 71805 49777 43902 97428
1848 16
79690 46399 10620 13716 52077 52817 9680 86404 12472 89756 10213 15582 74965 94028 29967 87060
8457 12
13852 8369 98132 6957 55780 56179 12093 85884 11518 88898 58960 97027
9510 14
7753 35269 80288 45049 21123 95215 38079 1071 55983 613 79603 10693 82554 46160
8802 17
15495 49301 7709 17728 39739 48841 53206 49081 17739 21313 50670 73077 87227 86434 38223 9503 9375
9036 13
51490 56498 61076 53811 14378 14624 54499 96816 38147 50727 61865 21421 95737
1007 14
92284 7203 3875 37659 5299 48630 18663 78567 25899 27332 71556 37204 16711 84969
6408 20
71706 88726 96312 68047 1689 72073 28955 7013 97811 75512 35842 67157 75829 45766 95538 26662 93948 96625 20727 89199
4654 15
13107 45060 51763 57589 29149 99400 97088 43303 50511 75073 46105 42893 30835 14655 2095
2408 16
98443 72354 87852 62915 29820 17126 52346 30644 95519 92567 10316 39388 42614 1441 59770 77156
7631 16
70295 38168 44326 52750 26315 96161 63262 55810 6584 76894 75265 40523 6660 97925 77737 34529
2816 15
48063 89434 10524 14992 98923 38634 43990 55708 81484 28229 73720 45160 22929 1099 89651
1929 10
29112 64597 92678 35489 39464 91282 67318 99133 11423 6189
1981 10
87601 18454 78585 1442 1697 66225 65231 79223 95647 39119
929 10
63957 52453 7767 95539 13568 34808 21096 24062 14681 27796
5703 15
33563 30657 67905 30932 31355 51697 72605 34491 3364 56611 41624 12365 85854 58923 70605
1493 14
72399 3031 4557 46362 32687 34497 45148 19653 75957 82522 95264 48729 59025 32212
5285 15
33018 64457 41032 39323 71759 67607 669 83059 88880 66260 84286 31780 17578 2419 26087
3424 11
12701 46884 78080 19870 34573 8887 74012 3908 70393 23807 85260
1893 13
77717 85819 52697 56462 76639 70790 2272 27749 16985 99495 59371 58960 40589
658 11
43288 64219 63429 6848 9247 14556 99348 25120 54927 91171 75253
155 15
23530 78110 20637 74994 401 41601 95233 93499 40826 65765 9061 56899 35375 86273 77765
6575 18
65896 67228 56261 52090 89958 16265 97667 65958 52064 97009 67507 4708 66548 34928 62727 90459 27221 30716
684 18
78566 75396 62168 90353 89530 18534 29962 63941 47959 7471 59709 76404 76599 77143 6642 17968 3569 96289
1200 19
83839 29520 36681 64354 10407 69592 80901 98148 67973 78802 81646 7003 16868 61912 91493 54466 8725 4632 55893
1514 16
10476 6490 66936 69063 53548 26050 68606 82915 6433 38388 53847 43108 98732 44391 49932 35175