207
9732 19
21619 16150 23745 97489 59657 23923 45457 27469 68587 70399 91031 46395 5122 34279 30621 25547 50564 97694 14832
6112 19
31668 13248 57834 78666 61716 27539 54018 96465 1051 86659 6901 93072 95722 40142 47382 21317 87586 95625 71160
8408 19
5279 35896 82975 63077 37821 69966 47632 9756 22006 23569 3312 27938 46750 40222 16222 13455 4098 31076 23584
2631 20
72613 28844 48846 27196 49839 63405 65968 30747 39248 51443 95646 98470 92325 91910 11334 72913 86463 53154 46628 41551
1478 20
89956 56764 3165 99281 21990 31959 70272 95287 44076 29736 11030 16091 59763 88154 94760 94114 40915 81910 29280 16541
1764 19
44025 14640 65781 48550 56985 12587 64281 56758 65649 11406 20779 47404 56196 77315 54107 12597 13065 14379 21325
4255 20
63616 86820 99761 26711 77860 86341 80831 43634 56287 72649 36939 86205 30433 4701 96564 64636 49819 67242 82795 81866
3597 20
43181 90342 95110 10118 84345 11413 76133 30212 26650 82493 43268 12667 73670 55285 37962 15572 90138 40462 59146 44464
5294 20
48438 95852 93228 80627 78911 24523 14456 93883 99504 16698 22848 78899 48322 35912 22139 87435 42723 28350 77661 98765
1670 20
68239 4625 2236 74694 38845 7834 1764 16775 68278 56610 93037 71716 51718 68138 76288 3093 23129 63980 3253 9793
5172 20
4624 57499 24432 70466 51447 22553 52269 5955 17102 78612 40985 8430 45727 67828 52564 6742 57587 32583 863 71104
1401 20
10209 32087 59882 35776 25313 33765 63603 18325 40839 41249 4430 21662 85309 650 88283 89744 77727 99567 63672 36831
5065 19
63892 89812 69453 62380 99758 3096 75917 71471 28614 311 71880 20130 99038 28703 6870 40458 77520 32542 9950
4271 20
61454 20987 44465 43577 24347 11583 29450 34348 71604 48279 54256 18754 12340 16292 26395 49633 28379 1111 68113 86717
1542 20
32276 23501 20852 25437 86246 74937 41041 48422 47800 57961 37154 91068 2698 35572 50781 53326 88883 41059 43483 46442
9582 20
65333 72460 72058 79771 62732 38096 82593 57117 26027 15781 49047 18295 76051 25539 75325 80930 91380 71517 84645 68781
2595 20
47277 68600 21527 58789 99774 89403 14294 24051 74434 7402 4574 85163 65394 43589 20237 53077 56102 37988 32210 6211
2829 19
41562 91436 85274 85013 9546 91369 52043 77091 60182 82823 27028 97508 97725 13207 56084 96141 8252 85080 74154
6910 20
77514 34096 24360 68231 15432 10629 83844 30148 29866 92039 1461 74100 15916 84035 29904 59656 42546 79901 1819 72794
1959 20
79779 65440 26841 40740 22070 2558 78377 37814 37462 6488 15504 58849 30360 66986 30904 80465 8816 92586 26926 33065
7197 19
23852 22905 35493 47711 17486 9789 57825 33752 85002 70548 45087 40527 32052 57881 29183 60373 79354 50884 37221
5287 20
84768 69034 61540 74627 6389 3206 80276 85930 7137 45300 27536 10141 3028 8987 78017 70320 28737 74984 25182 25386
2935 19
94414 37916 7784 13418 84668 44126 34047 29005 1992 68413 91478 14544 63695 37879 89879 79361 34906 89387 75105
8696 20
65791 94634 89554 82577 3876 42488 38304 82092 2284 86267 17085 24855 66416 77630 44776 87902 78115 45104 5076 35619
7339 20
43162 28568 2107 78398 29480 56101 29228 32405 95078 72783 50903 77692 37395 99861 47960 27500 32093 5671 18156 53848
3169 20
88523 61712 47381 21488 32833 39686 50325 14258 28600 21040 51699 91815 81404 27591 55535 83548 45464 68833 27517 97013
1598 19
76495 3331 11607 38763 38745 93254 17390 9729 56326 30557 57788 13254 51557 64519 11831 10902 79514 34493 81280
9487 20
54543 76083 75819 52169 9282 26750 32950 2958 42850 72923 6038 32426 75389 32525 64606 24335 98040 35812 62805 30970
9692 17
49181 4046 991 44492 45235 94674 38246 95232 89000 70740 6893 90107 59362 17138 12574 53196 10196
9806 20
91531 90405 48636 5999 75753 25166 32539 66792 63040 26491 45685 49240 66069 5897 3034 17347 23799 7833 27565 51194
7901 19
83517 10970 57830 99186 83308 88339 58602 26579 46423 18318 2992 29395 51089 16893 88594 80845 72008 57998 29644
7815 19
47844 56576 79735 43089 48124 5927 90067 13176 21168 99502 35113 65395 29279 6691 9755 69558 82861 90719 83165
1424 19
76808 75603 75658 18512 37377 60367 88949 88092 503 78366 32595 35687 82775 62620 5751 88912 43196 70030 74316
3177 20
61995 36917 35387 53291 8418 87898 6937 22071 70659 95194 3463 41280 42259 95748 11779 20571 47795 72611 77499 3862
3454 19
65778 98346 84783 55062 9148 61351 65984 4898 19732 34871 32422 65309 79703 68136 65362 52330 31384 7321 19304
2493 20
35806 8519 63953 42085 95617 32355 4729 57871 74389 58246 39918 76814 33432 15829 40108 79579 43399 83473 48818 33551
9294 20
7009 59429 42870 23597 747 57516 37909 42080 54341 16973 48181 89243 57295 97076 96726 87581 72711 33522 37479 68640
1750 20
44587 11023 3419 62902 68908 80077 41618 10305 91723 97517 68603 84480 7149 70715 74833 28733 64392 54370 91749 18814
2643 20
47531 38170 92984 88998 14964 60965 60587 72542 72861 48641 55530 571 92516 46099 70175 31813 47714 19499 27112 16944
8407 17
13322 24530 29682 32342 49023 71533 553 61032 71975 90837 43528 36215 73812 35536 58976 1674 53003
4630 20
72945 69243 84719 43959 7177 48216 47610 84525 57171 91356 94786 28823 67946 7100 79817 368 82768 29479 66660 54033
904 17
26397 86297 62617 28012 44808 53568 96928 1135 7538 71323 64466 37057 31208 90569 24713 97527 16486
3120 20
72215 75149 54200 3756 82105 81665 95577 99902 45779 74725 70284 89957 16260 92494 80761 807 63599 41195 85769 86000
2644 20
25096 91944 53516 76246 35476 45568 84739 25465 8260 45285 21544 6193 35291 86734 86827 57696 43777 45494 4356 27945
661 20
26557 50977 31489 66405 41272 15973 49350 86001 48941 5110 9112 46618 15297 83190 32402 25973 55860 77606 87312 44823
2995 18
34544 5441 52146 30414 63121 18246 74081 19577 21413 1247 9318 19261 5274 30202 43436 57138 52134 84242
4401 17
91057 10694 55517 8449 53624 176 2498 66987 90009 92631 12535 55061 40054 27963 13369 89240 96546
1133 20
21741 41625 89093 4635 23045 20269 28103 22869 41188 87020 84375 80544 20708 23940 50898 48670 6023 35861 24559 67618
7358 20
81897 63957 41726 46203 59605 36550 81543 47834 65508 46729 34122 88944 67570 8226 51487 34271 65619 6016 30585 45114
8046 20
23451 9462 59572 35624 16932 89532 19009 47686 52846 80588 1801 70753 67877 13731 51652 93679 70965 48638 53710 53756
2560 19
36243 54891 90653 53012 98687 34286 57157 9355 47035 12033 42077 87694 61536 23625 30532 3919 47585 46678 50332
3928 20
45529 27612 1040 20790 11109 32229 79929 36372 41979 76960 75480 98055 99984 81414 88388 49155 30902 15018 94388 67684
5763 20
71306 59160 37166 24823 53371 26444 86642 63137 59364 25576 68800 53009 66108 66230 94605 76502 95236 78572 75194 69478
1364 20
18075 61473 78179 43337 22118 9703 5480 6637 13278 16602 35016 50191 53457 67215 36175 31631 46785 7442 83629 95115
9029 19
67385 63312 15325 14741 8174 67865 86492 54927 87109 9474 73968 15784 90513 16128 15282 21238 93249 76134 26710
5621 19
91081 14822 56717 60026 59919 19098 80098 3209 7845 27127 4633 94534 34928 78307 45934 32620 52140 12746 28194
4139 19
56378 54109 98735 37278 49140 17427 22546 31160 66706 30583 88407 58217 99384 29502 4532 15677 81556 42697 31040
1606 19
14572 74681 82204 81745 70198 16695 73298 443 70712 93400 81083 87052 89988 22806 5223 95307 60313 92791 70957
3015 20
55366 94206 62459 50932 44696 34807 84758 18432 56574 61320 60802 57506 12014 45619 32227 10788 45093 59103 34244 4840
1949 20
7767 46254 1416 71256 52845 21318 99572 5658 82966 77607 41367 99686 2883 63589 18968 24096 96757 98832 75188 29512
4188 20
55107 53254 94512 48855 49469 42996 9443 4685 61295 24790 98086 78816 3949 61376 95029 40737 9776 65716 78967 74653
6727 19
68367 89031 99419 62815 169 27475 9678 35650 33345 71129 33423 3037 99493 751 9975 46683 20419 89985 53500
5311 19
85283 88308 37385 81510 27 26765 40337 66267 52285 75001 41168 56186 71301 47594 73422 31674 5980 82953 76763
4513 20
5672 4090 28662 47890 60769 60048 22984 77628 85018 88072 48415 63081 52031 11304 71928 38479 38979 49050 40848 38189
251 20
51726 80354 49704 2436 88034 36247 41394 43465 6156 36245 30980 42849 96369 28038 30613 68948 380 42139 56930 16364
3340 18
82696 34884 77225 33191 37866 64382 66710 76201 89643 45755 46621 8177 54815 96673 31484 23964 7453 1489
5073 19
73007 54000 86595 36875 40888 46035 70780 92389 10573 48921 1651 30100 17662 41490 21584 68016 1600 45208 61732
9530 19
8645 84206 30646 78919 18334 72234 70247 94433 3782 65930 46332 71577 3263 83438 91234 5518 59229 27657 71665
9717 20
31613 17668 49619 34430 71094 85268 80746 8818 36358 10492 24005 89528 80175 83029 17131 81030 87353 53060 54700 31011
9619 19
41545 67923 97570 89384 74864 93670 63514 16869 94054 99231 81817 53603 33053 66905 22074 8715 59750 4945 71889
9242 19
10725 33400 86748 29313 74072 3638 78355 1941 26479 89260 6430 49420 21470 54825 52262 42919 37862 31590 37102
4275 20
86091 80892 39744 95189 63686 46631 71821 86342 21220 92110 98905 60857 4338 80800 2809 70417 93416 99148 47970 32042
9805 20
60084 57977 30928 55021 69928 205 53462 34639 25462 64975 54566 82251 85938 77204 20438 30299 3203 23730 61658 63350
2611 19
71017 72537 46689 57813 52184 85641 42207 2013 2252 75980 35787 20379 30014 29310 20784 70329 97483 29626 55573
7219 17
10771 46688 6933 52610 83244 80035 95844 76261 99905 61498 8046 30095 56374 81402 65577 10232 79025
5928 20
58003 89660 70381 82890 30727 16327 98020 48786 73704 6437 93169 6800 46283 71629 89184 42070 2104 92971 9901 58680
6008 20
24401 34661 65795 49132 84551 11410 54791 45867 29920 36282 79165 80558 43410 5250 29348 14507 60417 87851 34879 96729
8385 19
50374 48764 8231 62862 88746 10972 98942 69228 17066 12131 44086 75733 74830 42967 47878 42303 22621 41505 99595
2054 20
44097 27668 38213 64706 93387 85047 92636 1710 91659 59767 80293 57039 94677 78222 45711 15150 78287 64013 2201 6185
5057 18
10394 27927 91836 26128 27485 98302 30101 52320 35107 54671 37723 56493 51615 37004 92737 20724 56288 69573
5006 20
39830 46101 18289 43268 76702 57867 50106 12938 35815 30427 6050 21514 95257 25614 68314 91079 53649 54408 54828 64415
349 20
97265 49971 83215 56492 87536 99807 18167 39545 10212 64201 59352 20469 71808 17897 45706 93253 34171 92378 73350 55168
6134 20
58272 8314 53746 54442 72197 59575 15983 46847 20223 14464 93362 28511 88845 16441 83989 15130 21341 17304 84770 3
976 20
92649 40726 61758 25452 89648 27399 1581 96395 2565 70061 78129 3121 7768 69105 20915 84913 79713 3485 84408 61575
1537 20
69114 91907 42729 12074 72268 37321 86409 74527 97801 6451 87307 48693 33275 77438 54007 83836 61374 17099 10681 2729
8834 20
47838 80124 27790 69488 57592 32461 73288 26969 20112 47536 24810 94079 29971 66250 27208 28952 33122 15140 17043 94166
9937 20
93635 71638 55483 93171 8300 93406 65351 67641 86547 66338 80626 27017 16797 80087 32255 64210 19533 23664 33274 73695
417 20
275 10368 94957 66048 99685 67351 1989 23860 6910 42052 54617 96586 15324 24763 53611 95889 93582 35858 60189 47041
4433 20
51203 64294 53097 38711 63561 27731 23365 29276 66206 51197 46541 84020 68362 66372 10802 43036 19352 54230 94976 12864
6193 20
48885 8650 6591 80380 5896 90838 81647 99532 75383 9104 30943 91125 35872 36402 3566 60882 46958 86553 39912 14845
6832 19
18282 72490 44438 39171 83082 22132 80719 26356 935 20256 96968 91032 25364 65767 99670 17907 86543 25371 59365
7218 20
42873 91340 49821 46565 53763 41014 67526 32922 58235 51664 17868 68180 19101 21624 75619 45458 9385 7404 10604 88476
7834 19
19199 51735 58700 15667 7810 63472 43920 17644 46790 34715 42104 60732 54148 28688 5965 35584 49481 66811 8043
5053 19
45636 59378 39551 19673 59427 73720 97335 63193 11913 25989 93125 97862 25811 93391 56682 47759 37442 95967 10965
5337 19
35646 83241 89116 85424 64465 34927 21581 62762 76649 39789 73977 672 24497 25542 64741 89207 91595 44852 78638
6247 19
23903 57766 80219 1016 16436 87127 97839 68930 9586 52998 1267 87397 17357 43826 93861 13773 84919 82602 39781
2929 17
38703 136 38518 81535 27023 35499 87204 70385 43243 44911 30469 91547 58328 21993 54481 46862 27465
9647 19
47109 29392 20992 22523 14951 6639 46419 25514 69201 36874 93830 24037 36307 3723 15121 77077 25354 35547 95318
8301 20
60520 23887 77403 33035 94550 93091 73315 25209 8668 77553 42833 68204 86813 59243 80421 91618 79564 79257 44378 56580
2442 20
73543 99505 69852 25730 16842 4533 31444 58775 84503 72868 48981 62385 16400 9663 27609 48399 96549 48214 40660 98604
6017 19
99549 27909 80407 13927 90217 99079 90235 96869 47062 908 76518 76080 46107 24947 97607 36596 81823 44017 23138
4413 20
18639 66666 14730 68090 32534 57058 59260 3122 91694 86589 7199 10327 20025 7762 46770 28378 84151 49728 20941 37650
2468 20
50910 76499 71515 4270 22455 55111 97638 67246 64188 15132 6745 92160 59586 75860 84408 58943 82367 48757 44075 58641
5239 20
77922 40472 48604 78457 77807 84030 60645 98401 84253 93034 72887 60165 85295 99630 32705 96215 77815 84346 31060 20909
2664 19
60287 69525 31295 47150 73485 70202 39531 65434 57976 91693 96111 52093 57718 54995 30059 73448 80596 84514 47589
2384 19
89392 72828 52570 65527 75040 84077 47168 15032 44035 40514 40138 92352 6258 83871 32593 66377 28226 74373 34763
6836 20
2475 20434 63685 43887 76334 39964 60963 43972 9803 35649 11927 8810 13539 7098 34777 47880 46021 16538 73748 44567
1561 18
25619 87458 92126 16984 38789 30326 53032 58267 37612 18027 90433 16710 92091 9880 27889 71237 37006 5669
7541 18
89555 86275 52966 36777 5324 93685 19940 90316 67202 36106 13215 9812 39512 38348 83579 83095 11479 20145
8472 20
27105 74540 88166 96439 52642 37818 96632 28863 15709 42765 46723 71149 31206 47754 42883 1120 87231 78122 99210 40905
2830 20
62515 66058 22923 85802 27169 73779 3571 93477 2816 17347 11521 50999 69904 65030 43765 24754 2023 52506 74125 81508
7389 18
77292 57523 19237 18996 8061 88532 23459 24479 43180 50251 65733 28797 6141 52922 7893 55750 96539 73191
9269 20
26347 76753 26592 19235 16975 93686 29253 96352 59944 20210 22497 23128 23676 86757 17441 95977 57458 37052 50815 9353
8736 20
49650 21646 38512 51427 8865 33706 25964 33504 24446 66827 90079 5591 16084 60008 11859 69455 85576 94262 80692 350
8750 18
83312 88161 51553 38092 49185 34853 32270 22364 44610 9468 7264 74777 56668 92134 62683 58401 31847 87766
19 20
15417 2596 33832 59697 62074 77516 84845 82303 289 84320 41297 10987 54031 31923 57153 50289 53181 53043 45938 34109
7988 19
6005 92503 56061 11809 73639 99652 52276 77953 71914 74963 60842 73737 56908 38340 99324 54800 78125 50143 29220
8839 19
25692 80409 66404 17418 79479 93992 24954 76776 13780 30601 11548 25978 81713 62467 15830 48420 61444 4964 73517
7484 20
74915 80159 68859 33011 33899 83090 97413 1233 13048 35042 499 51693 30428 89053 6999 31262 62288 94567 27513 24604
5469 18
53581 34624 61342 94990 81175 71779 28439 71115 6240 80793 66396 5116 90219 24373 66309 65340 41959 95665
6185 19
88182 39140 75533 64503 26521 13777 50605 53631 4259 94908 81670 47875 92901 80553 85140 43886 10957 49168 1550
7287 18
70999 12943 18785 9724 51665 56179 41289 31985 47716 31373 35972 91452 84244 35538 53773 67875 75752 73935
7709 19
24499 58854 69407 28069 17174 88615 37972 80735 67654 91415 6194 99195 70512 71892 23021 9816 53259 56021 78733
7072 19
28666 97556 14344 23190 17708 39286 80706 26289 72820 60880 3659 73842 52746 95521 95736 23931 90714 96889 96718
1465 20
96 44199 74811 29361 82355 71796 30721 10613 90912 78843 52286 7543 18009 33539 50666 38758 45149 19036 6159 81711
2922 20
72829 88220 76311 26814 51794 72305 75524 45653 19408 40862 32682 33656 87058 33208 42405 9446 62828 30076 16526 53663
9618 19
62769 4238 62320 9983 84855 44304 2458 8646 50619 98974 94777 25482 22615 69299 82354 98375 33397 59376 89076
8922 20
81571 89647 44118 66324 50624 65273 85397 21587 41981 96594 18982 65981 42017 3565 39595 67842 77920 54162 84996 20304
1262 19
15082 4865 91379 21917 63823 60418 12010 37217 97293 52936 91993 28974 81930 99440 89597 59548 76659 89874 93039
9836 20
46523 49563 78858 84746 92220 34747 93608 79991 37094 15151 10156 86374 54368 63244 72558 85288 65991 64956 32683 32046
5280 20
43188 24160 25926 13124 85419 18672 33324 85492 23202 54599 61687 74762 72460 59088 82615 7245 20382 40099 40635 79446
972 20
67802 42783 71103 60423 43377 27474 55508 47495 15185 54586 17859 35199 41005 2497 90445 16153 67061 23737 22442 2389
8884 18
82713 26684 6991 67226 96767 90230 63572 11645 20310 22326 36919 42053 94654 55880 59177 12151 3550 68993
875 18
31777 7369 58702 19725 69768 50280 24063 76351 83367 66502 25801 1076 16430 22879 23244 18696 45012 34973
9636 19
52435 14039 26596 8473 77358 74739 13836 11817 7273 22875 3261 81091 94382 85429 97065 27211 45399 4076 66300
1215 19
31267 93761 51428 3191 78323 32697 38052 76553 66450 87296 4878 11905 67496 28288 74238 72157 38005 72463 92420
7380 20
60646 86337 2230 35840 87971 90981 91080 77412 86398 28082 93267 49526 82460 20947 12342 31465 60172 37914 64757 38921
5639 20
5820 98037 36910 48368 54255 35423 47904 24597 34598 18113 10915 93994 6993 40505 80119 9399 3492 83004 37394 56052
2596 18
27348 99463 55132 13673 81132 39432 34838 27542 89768 7317 77235 61967 85984 62448 8770 76435 99555 92388
9985 19
57997 18118 39791 35989 31641 95315 13262 86708 46976 44342 43277 352 5474 81469 71651 81477 4521 27065 94829
333 20
14167 42018 2253 98009 85210 65703 54340 66077 56452 43130 66274 16094 17375 83552 56312 629 77281 22979 28898 26728
9277 19
98478 69537 1677 4990 61344 26618 52765 17950 71851 1404 16941 85535 95698 75269 76296 32901 8730 24431 82049
6468 20
85490 29476 81275 68680 39842 60710 33024 52653 2730 93445 45359 38772 3664 6743 70998 12308 43956 5418 84678 15038
1586 18
79629 30002 72033 59150 5425 42446 37911 64819 70460 6839 81029 98168 46358 91872 9184 99143 45853 75129
3445 20
81792 27253 96884 67596 42696 61680 54121 44515 86625 38675 51247 64997 34801 33382 85296 4892 4035 37423 66283 21852
2666 17
78768 60452 25484 88819 77976 55114 26796 18220 95190 86730 15898 33667 29143 24085 4386 76598 53405
1692 19
12711 3721 93935 44581 56858 56466 68516 36480 26326 93036 75801 45606 87509 13679 51199 97683 1643 17111 19384
6258 20
89297 18166 1626 80381 99517 78186 64880 52036 86338 79538 2681 61990 91261 39742 49500 6905 40405 4743 18399 56382
6715 18
1147 98111 3598 9544 69349 49510 26822 92033 68116 96008 21077 34769 70288 35878 67956 95314 94724 75926
1725 19
21222 58216 72812 20639 73196 83499 83255 37583 98779 74978 23399 75688 64105 19198 47773 11418 51028 47814 96309
7793 19
64014 61304 85846 18067 32793 58735 45180 72328 94310 71042 76578 32914 73878 76605 72487 31285 19140 20711 74441
7050 20
40683 79055 37315 45019 54619 34199 41269 53270 6540 21397 57452 37230 84806 13613 11958 39815 63853 35575 85014 66657
9359 19
3917 89808 81348 76616 63696 25878 1087 16230 8847 50397 35104 64099 72169 27446 73996 68912 34050 82061 13330
8405 20
54822 17767 23404 4455 21434 94531 29265 75782 85493 14680 8937 11318 86386 70616 27052 35887 2869 62327 55744 15557
9847 20
31148 40102 83562 42249 83320 67470 86436 11764 81346 76930 85170 90236 37905 34886 96190 53569 51583 49572 25360 98774
9060 19
21954 2832 82115 78524 3631 47744 28418 75184 73534 17460 58438 32288 49125 51498 91847 15588 39421 85768 30539
6350 20
80162 88930 12098 51631 22137 91967 29897 90683 77825 81013 91017 93115 95651 48297 74719 28244 29478 85008 13595 95079
6408 20
71706 88726 96312 68047 1689 72073 28955 7013 97811 75512 35842 67157 75829 45766 95538 26662 93948 96625 20727 89199
9695 18
47087 27191 74651 15416 53855 65462 7619 17474 90790 29084 35482 24698 21064 93660 84490 20718 45783 41934
9980 19
54620 67749 71117 93626 75845 27823 64647 62181 95073 76719 90109 678 13131 18809 26187 65687 65284 7725 29629
165 19
6338 51720 33518 71402 57068 37089 28355 77458 82111 76135 29967 78600 88798 91426 77356 78531 56855 70232 81958
532 18
41915 89500 78986 86400 9513 55620 79778 92286 22798 40565 4761 28371 91636 44285 83846 75534 67734 50729
9221 19
29873 26344 83297 52725 24514 70487 88825 88738 67088 84026 8245 86722 25306 57012 90500 76388 74554 19985 93774
6550 19
57286 85050 35700 93066 10051 97857 31067 57527 11530 7958 63103 94970 12759 80912 65313 16395 33058 97138 49892
8531 20
76901 95539 29678 65222 51681 64312 47191 31881 52444 30210 98543 179 87376 36051 36364 63130 45256 18210 1931 81979
6588 20
60125 37636 50809 19537 98341 48982 2159 82960 88210 36766 49067 50826 38766 7618 66794 47631 75758 75995 1988 42352
3301 20
25109 1990 92476 2972 19556 8738 4947 17449 35755 16442 19561 31788 87044 38908 70229 96993 40547 4023 71697 89106
2253 20
43078 16297 89202 225 97419 96855 25107 71521 40755 77523 41436 15369 37203 73192 92577 15113 89178 55119 16480 47500
415 20
31832 35379 54775 27588 5888 51182 32142 14555 89686 33165 61405 4159 48942 38207 16613 35870 51525 23893 20048 81386
5036 20
45519 77929 52674 35359 29604 18083 92696 13644 30645 9900 46328 40914 85664 58639 39903 579 31959 39032 13524 53126
1065 19
36080 9836 78289 56400 28543 76483 54970 95946 33295 87160 88148 39346 77947 93966 59899 91882 9015 73016 50281
243 20
4157 28617 85694 33857 43824 8039 25516 66764 67052 14463 34016 19979 90322 22596 48340 3667 40821 91767 81411 27509
4172 20
34144 76947 67135 73170 375 87093 9431 93456 25870 95094 89841 76277 37227 64796 24224 81230 11279 61291 24564 1809
3240 19
75140 63771 70624 60493 3239 31252 24970 40965 31503 95905 41151 12530 59117 66073 48404 28472 88967 2140 58788
6718 20
65227 22505 5870 21013 73545 90174 86973 84004 76171 25050 1672 6306 48788 11486 14462 45002 90812 49208 46024 38427
6688 20
49367 31119 55025 81121 64789 36135 31997 22578 91570 94490 82872 89247 79150 31499 83085 9103 90381 92751 91244 61095
5883 18
85585 39790 64138 97060 30065 5749 16870 87478 52764 68537 43798 83191 31854 46693 36814 4846 84184 7641
1946 19
18216 16007 61933 70491 37602 39379 5055 6934 26043 70889 72024 81283 94057 94673 45740 93984 43211 34940 59859
1418 20
48647 45974 70987 36158 76713 20226 37168 84881 56241 41546 80455 76551 26719 56066 40677 90864 55364 5959 16675 49730
3313 19
78315 86764 55400 21240 15393 27145 29372 69247 13500 16056 97791 39101 12670 54001 15087 76838 29810 27001 61534
4024 19
61395 56000 88984 85138 74278 7872 56147 71113 67415 40333 62073 97843 67597 70994 25713 96867 71537 74750 47185
8964 20
88448 53561 93683 58163 80145 64755 31142 83880 76338 75538 35362 80136 9673 4600 97490 9849 43860 15675 96959 17605
2392 19
42608 38070 95757 62322 50451 5874 19690 61279 60584 61950 13110 49985 27503 20247 48016 45798 9482 49173 24706
4040 20
22430 66779 96219 26095 98640 11924 8867 21499 45873 89659 34899 12231 82759 30424 67458 65694 63898 14432 99214 52041
6937 20
85692 80846 89923 63659 64550 15426 33859 2814 62072 62652 26012 96138 90470 97743 44769 60107 20272 36164 6552 47247
2495 20
68844 65423 36009 47549 26985 14896 75157 1722 98988 45994 76494 66336 48434 92082 4707 27764 22049 65060 86643 86359
6236 20
85494 95663 26472 46152 49075 89336 97316 21997 31748 71100 67257 88550 72514 43916 37495 74537 89011 6736 23755 89773
2708 20
96552 82422 73774 39506 58419 64931 14008 37677 43114 28024 56282 74184 42940 46311 14779 34517 75651 96343 57484 83932
5371 20
148 88714 49611 44981 16987 92326 36848 19200 6973 64207 17832 13317 59805 30254 70107 62941 27757 76146 67048 92824
1841 20
10323 3036 31189 66478 8138 9497 21689 57389 6586 99961 2761 37199 95102 84061 90937 76892 47022 89534 92269 77503
7485 20
1530 91006 62708 17261 26815 23497 66322 45375 71957 93074 78824 24630 36115 83709 97948 75863 12622 92488 74992 11459
1356 20
61543 98328 73445 63860 49706 7850 52190 74656 74453 56979 89796 13975 70779 1718 83283 40507 66975 15920 77787 57786
1071 20
54740 69803 95444 32627 37300 6476 15724 71649 40591 24067 95206 72878 6887 18563 93264 63642 95131 51129 16958 58381
8903 20
99759 57029 97548 68033 89694 36675 27919 57343 18017 34201 25647 85260 41038 97455 2106 23782 78859 32021 72762 15826
6370 20
32566 3501 91160 60385 93870 94898 32239 33734 18097 88380 93433 43840 84683 40362 48312 25601 37690 34253 46583 427
5628 19
42200 49668 50978 2466 62968 70865 20184 4356 70848 93725 65848 77697 98738 56090 42494 60959 37945 19434 65347
7637 19
63042 55467 72436 3599 81661 63221 81221 11312 13345 57007 76630 14319 8429 90300 48679 28763 44301 64449 97166
1708 19
35718 42746 30026 7109 79508 97263 55210 47750 63266 16336 5363 30138 93112 30200 67395 13969 45679 73555 85474
6217 19
85806 13626 39143 11473 26532 23486 24966 42311 3693 45158 94618 76904 35640 67029 31558 12635 48716 69296 21660
6132 20
53964 98166 86473 31414 35404 82418 22965 70159 99616 3129 7367 91995 49399 31537 51697 26482 72999 70814 78304 24486
3050 15
20053 7507 77035 55851 14042 20139 63291 80440 41617 69020 57053 89911 50044 31709 17096
1008 18
46188 13092 57938 56557 51508 31576 49419 52669 95842 27777 96445 16964 65480 84098 78515 78428 2818 27054
1379 19
30402 91675 98744 29568 99303 54450 35731 26558 5584 94194 6759 50974 40691 18061 50975 79392 70157 13597 33885
4871 20
66996 52743 29616 17164 72701 83073 50357 920 11543 10014 17652 79041 58146 12492 55914 18945 2030 98377 68337 42134
7533 19
43403 50358 32632 22825 37097 20309 52756 61163 45926 12511 52024 87845 49380 43745 46742 54296 69426 95154 70435
1766 19
13224 67168 50775 77826 75892 24458 81273 61094 74387 12421 72289 93776 554 75696 69757 6660 79777 53596 52409
7984 19
91557 6981 44930 57104 96995 55615 7690 59248 27980 78896 83098 98660 57279 40900 88120 60574 38861 97991 56008