207
9732 19
34279 70399 68587 45457 25547 46395 91031 59657 14832 27469 23745 30621 16150 21619 5122 97694 97489 23923 50564
6112 19
57834 21317 95722 96465 78666 1051 6901 87586 47382 54018 40142 13248 31668 61716 27539 86659 95625 93072 71160
8408 19
9756 23569 16222 31076 13455 3312 63077 27938 35896 82975 40222 47632 5279 23584 4098 69966 37821 22006 46750
2631 20
28844 95646 27196 48846 53154 91910 41551 46628 65968 51443 72913 98470 86463 92325 49839 63405 39248 11334 72613 30747
1478 20
29736 56764 81910 95287 31959 59763 21990 16091 29280 70272 11030 94114 40915 89956 99281 3165 44076 94760 88154 16541
1764 19
47404 44025 11406 54107 77315 65649 20779 56196 14379 13065 21325 64281 56985 56758 12587 48550 14640 65781 12597
4255 20
81866 56287 86341 64636 72649 77860 86820 43634 86205 96564 30433 67242 4701 99761 82795 26711 80831 49819 63616 36939
3597 20
95110 40462 43268 30212 15572 44464 11413 76133 10118 37962 90138 43181 26650 84345 12667 73670 90342 82493 55285 59146
5294 20
87435 95852 78899 16698 78911 93228 98765 42723 77661 80627 35912 24523 28350 22848 93883 99504 14456 48438 22139 48322
1670 20
93037 3093 23129 68278 68239 63980 9793 51718 38845 56610 2236 1764 16775 74694 68138 71716 7834 3253 76288 4625
5172 20
57499 51447 4624 6742 78612 52269 17102 70466 57587 52564 40985 22553 863 71104 45727 8430 67828 24432 5955 32583
1401 20
21662 32087 18325 36831 99567 40839 88283 59882 25313 89744 35776 650 63603 33765 10209 4430 85309 63672 77727 41249
5065 19
28614 32542 71471 311 9950 20130 3096 6870 40458 63892 99038 69453 75917 77520 71880 28703 62380 89812 99758
4271 20
43577 20987 16292 26395 24347 61454 18754 12340 34348 68113 44465 48279 11583 54256 86717 29450 71604 49633 28379 1111
1542 20
43483 48422 57961 32276 88883 37154 41059 53326 50781 91068 41041 35572 23501 74937 47800 2698 46442 86246 20852 25437
9582 20
80930 79771 91380 71517 49047 18295 65333 62732 84645 76051 72460 38096 57117 15781 75325 82593 26027 72058 68781 25539
2595 20
68600 24051 65394 6211 7402 74434 14294 47277 43589 53077 20237 89403 99774 37988 85163 21527 32210 58789 56102 4574
2829 19
27028 77091 91436 8252 74154 60182 85080 9546 41562 85274 13207 97508 91369 82823 97725 85013 56084 52043 96141
6910 20
1819 29866 1461 84035 24360 34096 92039 77514 68231 59656 29904 15916 15432 42546 83844 74100 30148 79901 10629 72794
1959 20
79779 37814 33065 66986 37462 92586 15504 8816 30360 30904 65440 26841 6488 80465 40740 78377 22070 58849 2558 26926
7197 19
33752 40527 45087 79354 60373 9789 70548 57881 37221 22905 57825 35493 50884 29183 47711 32052 23852 85002 17486
5287 20
25182 28737 45300 85930 80276 3206 27536 84768 10141 69034 3028 74984 70320 7137 74627 8987 25386 6389 61540 78017
2935 19
79361 13418 34906 75105 29005 84668 37916 89387 91478 44126 37879 34047 89879 94414 14544 7784 63695 68413 1992
8696 20
45104 44776 35619 86267 87902 17085 38304 89554 3876 24855 77630 82092 78115 2284 94634 82577 66416 42488 5076 65791
7339 20
77692 53848 47960 95078 18156 43162 2107 32093 28568 37395 32405 56101 29228 27500 5671 29480 78398 72783 50903 99861
3169 20
21488 81404 88523 68833 47381 50325 91815 27517 21040 45464 39686 14258 55535 61712 27591 32833 28600 83548 51699 97013
1598 19
38763 13254 11607 38745 64519 30557 10902 93254 51557 34493 11831 9729 79514 76495 3331 56326 17390 57788 81280
9487 20
24335 62805 64606 42850 32525 98040 76083 32426 26750 6038 75819 54543 30970 32950 2958 75389 35812 9282 72923 52169
9692 17
991 90107 94674 59362 12574 89000 4046 53196 17138 38246 70740 10196 49181 6893 45235 44492 95232
9806 20
3034 27565 7833 5897 66069 48636 63040 66792 23799 91531 51194 25166 32539 75753 90405 17347 5999 26491 45685 49240
7901 19
83517 10970 29395 26579 58602 29644 51089 57830 57998 83308 99186 2992 46423 18318 80845 88339 16893 72008 88594
7815 19
29279 82861 83165 21168 56576 9755 5927 79735 47844 48124 13176 90719 6691 43089 65395 35113 99502 69558 90067
1424 19
35687 5751 74316 62620 75603 70030 18512 88092 60367 503 78366 37377 82775 75658 88949 88912 43196 32595 76808
3177 20
11779 42259 77499 8418 35387 3463 41280 53291 95748 36917 47795 72611 87898 3862 20571 70659 95194 6937 22071 61995
3454 19
19304 98346 52330 32422 61351 4898 7321 31384 65309 79703 65984 65362 84783 34871 19732 9148 65778 55062 68136
2493 20
79579 33551 43399 4729 39918 33432 63953 32355 74389 40108 48818 42085 15829 95617 35806 8519 57871 76814 83473 58246
9294 20
72711 16973 96726 42080 97076 68640 23597 89243 42870 7009 57516 37909 747 37479 48181 54341 59429 33522 87581 57295
1750 20
80077 18814 97517 91723 74833 91749 62902 84480 70715 28733 68603 68908 10305 11023 64392 7149 41618 3419 54370 44587
2643 20
72861 27112 92516 70175 46099 14964 47531 55530 38170 60587 47714 31813 60965 16944 72542 88998 571 92984 19499 48641
8407 17
73812 1674 24530 71975 35536 32342 13322 58976 49023 43528 61032 90837 53003 553 71533 36215 29682
4630 20
7100 57171 91356 43959 69243 368 66660 84525 84719 28823 79817 94786 7177 82768 29479 47610 48216 72945 54033 67946
904 17
26397 64466 1135 16486 97527 31208 44808 71323 53568 62617 37057 86297 90569 7538 24713 96928 28012
3120 20
63599 89957 45779 807 86000 99902 70284 3756 72215 54200 41195 80761 92494 74725 82105 81665 75149 16260 95577 85769
2644 20
76246 45568 25465 86827 8260 53516 25096 84739 45494 35291 35476 57696 86734 45285 21544 6193 4356 27945 43777 91944
661 20
48941 87312 32402 83190 25973 77606 46618 50977 15297 49350 26557 31489 55860 44823 15973 41272 86001 5110 9112 66405
2995 18
21413 1247 74081 34544 19261 52146 9318 43436 63121 18246 57138 52134 30202 30414 19577 5441 84242 5274
4401 17
92631 10694 13369 8449 55061 90009 96546 176 12535 91057 53624 89240 27963 40054 66987 55517 2498
1133 20
89093 67618 35861 48670 21741 41625 41188 20708 20269 87020 80544 4635 23940 50898 6023 84375 23045 24559 22869 28103
7358 20
8226 41726 6016 81897 46729 65619 63957 65508 36550 45114 34271 59605 81543 47834 46203 30585 67570 34122 51487 88944
8046 20
19009 1801 67877 47686 80588 70965 53710 59572 13731 93679 35624 23451 53756 70753 48638 89532 9462 52846 51652 16932
2560 19
47035 50332 42077 87694 47585 98687 3919 34286 90653 9355 30532 46678 23625 36243 53012 57157 54891 12033 61536
3928 20
11109 1040 99984 30902 79929 32229 67684 81414 20790 98055 45529 94388 36372 15018 75480 27612 76960 41979 49155 88388
5763 20
78572 68800 59364 24823 94605 71306 53371 95236 66108 59160 86642 63137 69478 66230 53009 37166 75194 76502 26444 25576
1364 20
46785 61473 22118 53457 9703 67215 6637 5480 50191 35016 16602 83629 13278 36175 7442 43337 78179 18075 95115 31631
9029 19
93249 8174 86492 21238 14741 90513 67385 87109 73968 15784 67865 54927 15282 15325 9474 63312 16128 76134 26710
5621 19
52140 7845 32620 19098 4633 60026 91081 27127 14822 80098 59919 45934 12746 78307 56717 34928 3209 28194 94534
4139 19
15677 37278 4532 98735 29502 99384 54109 56378 30583 66706 22546 17427 31160 31040 81556 49140 58217 42697 88407
1606 19
14572 22806 16695 443 70957 70198 89988 87052 82204 70712 74681 81083 60313 73298 92791 5223 93400 81745 95307
3015 20
59103 55366 18432 44696 34244 34807 94206 4840 84758 56574 45093 10788 45619 12014 50932 62459 60802 61320 57506 32227
1949 20
24096 18968 82966 71256 98832 52845 5658 63589 2883 7767 99572 99686 96757 75188 77607 21318 29512 46254 41367 1416
4188 20
55107 24790 78967 4685 65716 74653 48855 3949 61295 9776 98086 9443 42996 94512 53254 95029 61376 78816 40737 49469
6727 19
169 3037 68367 20419 46683 27475 71129 62815 89031 33423 33345 9678 99493 9975 35650 53500 99419 751 89985
5311 19
52285 88308 47594 85283 27 82953 73422 37385 41168 81510 75001 56186 71301 66267 5980 26765 40337 31674 76763
4513 20
38479 63081 11304 49050 88072 47890 28662 5672 71928 85018 52031 77628 60769 4090 22984 40848 38189 48415 38979 60048
251 20
42139 36247 41394 30980 2436 51726 28038 49704 88034 36245 43465 56930 380 68948 42849 6156 16364 30613 80354 96369
3340 18
54815 82696 96673 23964 89643 77225 8177 76201 7453 37866 31484 66710 34884 64382 45755 46621 33191 1489
9530 19
78919 30646 46332 70247 27657 59229 65930 94433 71577 84206 72234 5518 3263 83438 3782 71665 91234 8645 18334
5073 19
1651 17662 48921 70780 73007 45208 41490 61732 36875 54000 40888 21584 10573 68016 30100 92389 1600 86595 46035
9717 20
34430 8818 49619 24005 31613 17131 89528 80175 54700 83029 81030 31011 80746 53060 36358 71094 87353 10492 17668 85268
9619 19
53603 97570 16869 67923 81817 71889 89384 74864 99231 63514 94054 93670 8715 4945 41545 22074 59750 33053 66905
9242 19
49420 21470 74072 54825 37102 1941 78355 37862 31590 89260 26479 52262 10725 86748 42919 33400 29313 6430 3638
4275 20
60857 80892 46631 63686 21220 86342 71821 99148 70417 47970 2809 4338 32042 95189 39744 86091 80800 98905 93416 92110
9805 20
205 54566 77204 53462 25462 3203 55021 60084 34639 63350 85938 64975 69928 20438 82251 30928 61658 57977 23730 30299
2611 19
72537 97483 20379 29310 57813 85641 30014 2013 35787 52184 29626 42207 20784 75980 71017 55573 46689 2252 70329
7219 17
30095 80035 83244 8046 10232 65577 61498 79025 99905 6933 56374 52610 81402 95844 76261 46688 10771
5928 20
89184 42070 73704 6437 58680 6800 98020 16327 30727 58003 9901 70381 92971 93169 71629 46283 2104 89660 82890 48786
6008 20
29920 45867 5250 34661 11410 84551 87851 79165 43410 60417 24401 36282 96729 54791 29348 49132 34879 80558 14507 65795
8385 19
41505 8231 75733 48764 44086 98942 42303 17066 47878 42967 62862 12131 88746 10972 99595 22621 69228 50374 74830
2054 20
91659 6185 92636 1710 27668 44097 85047 64013 15150 64706 45711 57039 78287 78222 80293 59767 2201 94677 93387 38213
5057 18
35107 26128 98302 52320 92737 91836 51615 37004 20724 27485 37723 10394 30101 56288 69573 54671 56493 27927
5006 20
54828 50106 54408 43268 30427 68314 21514 53649 25614 91079 12938 6050 18289 57867 64415 76702 46101 95257 35815 39830
349 20
83215 64201 49971 55168 92378 17897 10212 45706 56492 71808 20469 87536 18167 97265 93253 39545 59352 73350 99807 34171
6134 20
8314 88845 15983 28511 15130 20223 59575 46847 16441 83989 14464 72197 54442 58272 21341 84770 53746 3 93362 17304
976 20
25452 69105 89648 84913 20915 61575 2565 79713 78129 70061 27399 92649 96395 40726 7768 3485 3121 61758 1581 84408
1537 20
12074 83836 48693 77438 74527 97801 42729 91907 10681 87307 61374 33275 37321 69114 17099 72268 54007 2729 6451 86409
8834 20
27790 33122 26969 32461 94166 28952 47838 20112 57592 15140 17043 24810 94079 29971 73288 27208 66250 80124 69488 47536
9937 20
86547 55483 32255 19533 71638 93171 93635 16797 73695 66338 23664 64210 80087 8300 27017 67641 93406 80626 33274 65351
417 20
94957 1989 6910 53611 54617 35858 275 15324 96586 66048 10368 93582 24763 99685 60189 47041 23860 42052 67351 95889
4433 20
51203 64294 46541 94976 68362 10802 53097 51197 54230 12864 84020 63561 43036 23365 27731 29276 38711 19352 66206 66372
6193 20
48885 9104 39912 81647 14845 5896 3566 8650 90838 99532 35872 46958 60882 30943 86553 91125 6591 36402 75383 80380
6832 19
96968 99670 72490 91032 80719 59365 25371 18282 26356 935 83082 86543 65767 17907 39171 44438 22132 20256 25364
7218 20
17868 75619 91340 53763 67526 42873 41014 51664 46565 32922 9385 10604 45458 19101 68180 21624 7404 49821 58235 88476
7834 19
42104 58700 34715 63472 43920 54148 15667 5965 35584 28688 7810 19199 60732 51735 49481 66811 17644 46790 8043
5053 19
59378 47759 45636 10965 95967 97335 19673 73720 25811 93125 93391 63193 11913 37442 25989 56682 39551 97862 59427
5337 19
73977 34927 35646 64465 76649 89116 25542 672 78638 64741 44852 89207 91595 62762 85424 39789 83241 21581 24497
6247 19
68930 23903 93861 52998 87397 13773 97839 43826 84919 39781 87127 1016 9586 82602 17357 1267 57766 80219 16436
2929 17
44911 38703 27465 27023 43243 46862 38518 30469 35499 81535 91547 21993 136 58328 70385 54481 87204
9647 19
6639 22523 20992 36307 29392 77077 93830 36874 15121 69201 25354 35547 14951 46419 3723 25514 24037 95318 47109
8301 20
42833 8668 60520 33035 77553 77403 59243 56580 68204 94550 25209 80421 23887 73315 93091 91618 86813 79257 44378 79564
2442 20
25730 98604 84503 99505 48399 73543 48981 31444 58775 27609 48214 4533 40660 16400 16842 72868 69852 62385 96549 9663
6017 19
80407 47062 81823 27909 24947 76518 23138 46107 908 13927 76080 90235 97607 96869 99079 90217 44017 36596 99549
4413 20
20941 3122 10327 28378 49728 46770 59260 7199 14730 57058 84151 20025 86589 91694 32534 68090 37650 66666 7762 18639
2468 20
59586 67246 22455 15132 50910 55111 48757 6745 58641 76499 71515 92160 82367 58943 4270 64188 97638 75860 44075 84408
5239 20
60165 96215 93034 84253 40472 98401 60645 78457 31060 72887 77807 77922 77815 48604 85295 32705 84030 20909 84346 99630
2664 19
52093 84514 69525 54995 70202 65434 73448 57718 47589 47150 80596 57976 96111 31295 60287 91693 73485 30059 39531
2384 19
83871 92352 89392 32593 74373 28226 75040 15032 84077 65527 72828 44035 34763 40514 6258 40138 66377 47168 52570
6836 20
43972 7098 2475 46021 43887 73748 76334 9803 34777 16538 60963 35649 11927 8810 13539 44567 63685 47880 20434 39964
1561 18
71237 30326 38789 92091 18027 25619 92126 58267 9880 16710 37006 53032 16984 87458 90433 5669 37612 27889
7541 18
19940 11479 5324 20145 13215 83579 52966 36106 90316 38348 67202 86275 83095 39512 93685 89555 9812 36777
8472 20
40905 28863 46723 96439 37818 71149 74540 42765 52642 47754 1120 99210 42883 88166 96632 87231 27105 15709 78122 31206
2830 20
43765 2816 11521 73779 85802 50999 24754 93477 27169 52506 81508 69904 66058 22923 17347 2023 62515 74125 3571 65030
7389 18
7893 19237 88532 73191 8061 65733 77292 57523 24479 43180 52922 96539 55750 28797 50251 6141 18996 23459
9269 20
9353 50815 86757 20210 26347 23676 93686 76753 96352 23128 37052 29253 26592 19235 59944 95977 17441 16975 57458 22497
8736 20
21646 8865 94262 49650 80692 33504 66827 69455 33706 350 85576 38512 11859 16084 90079 60008 5591 51427 24446 25964
8750 18
51553 34853 56668 58401 38092 49185 88161 7264 83312 87766 32270 22364 44610 92134 9468 74777 31847 62683
19 20
57153 2596 82303 41297 77516 53043 53181 59697 31923 15417 34109 33832 289 10987 62074 45938 84845 50289 84320 54031
7988 19
29220 11809 54800 60842 73737 78125 77953 50143 38340 74963 56908 99324 71914 99652 73639 92503 56061 52276 6005
8839 19
73517 13780 93992 11548 81713 25692 17418 62467 61444 4964 80409 15830 66404 48420 30601 79479 25978 24954 76776
7484 20
6999 30428 97413 499 24604 33899 33011 1233 74915 51693 62288 35042 94567 68859 31262 83090 13048 89053 80159 27513
5469 18
41959 71779 90219 95665 28439 61342 94990 66309 66396 6240 5116 81175 53581 65340 80793 34624 71115 24373
6185 19
43886 64503 10957 26521 88182 94908 85140 13777 39140 80553 75533 81670 1550 50605 47875 53631 4259 92901 49168
7287 18
31985 9724 75752 70999 35972 91452 31373 51665 47716 56179 12943 53773 35538 67875 18785 73935 41289 84244
7709 19
24499 58854 99195 71892 28069 6194 9816 69407 78733 23021 91415 56021 67654 53259 88615 70512 80735 37972 17174
7072 19
23190 95736 3659 17708 39286 95521 96718 60880 23931 52746 26289 80706 73842 28666 14344 90714 96889 97556 72820
1465 20
71796 6159 81711 74811 30721 29361 82355 50666 52286 96 33539 45149 78843 38758 44199 10613 90912 7543 19036 18009
2922 20
32682 19408 42405 30076 45653 16526 26814 75524 88220 72829 33656 9446 87058 76311 72305 33208 40862 62828 51794 53663
9618 19
98375 59376 22615 62320 89076 69299 62769 98974 82354 44304 33397 25482 50619 8646 9983 2458 4238 94777 84855
8922 20
85397 77920 18982 65273 44118 39595 54162 41981 20304 42017 50624 66324 65981 96594 67842 21587 89647 3565 81571 84996
1262 19
12010 91379 37217 99440 59548 52936 21917 89874 28974 81930 93039 89597 97293 60418 91993 63823 15082 4865 76659
9836 20
78858 15151 64956 86374 32683 72558 92220 79991 84746 85288 65991 54368 46523 10156 37094 34747 49563 32046 63244 93608
5280 20
85492 25926 20382 33324 85419 82615 72460 74762 23202 59088 43188 54599 40099 61687 13124 24160 79446 7245 40635 18672
972 20
67802 43377 47495 17859 41005 16153 15185 27474 22442 90445 2389 60423 23737 42783 67061 71103 2497 55508 54586 35199
8884 18
59177 90230 3550 63572 26684 11645 36919 67226 20310 96767 42053 82713 22326 12151 6991 55880 94654 68993
875 18
45012 34973 22879 58702 16430 83367 69768 25801 76351 19725 66502 7369 1076 50280 23244 24063 18696 31777
9636 19
13836 66300 45399 22875 97065 94382 8473 81091 11817 26596 14039 3261 85429 52435 74739 7273 27211 4076 77358
1215 19
11905 72463 72157 66450 93761 76553 74238 32697 4878 38052 92420 51428 38005 31267 67496 78323 3191 87296 28288
7380 20
49526 86398 35840 90981 91080 87971 86337 77412 28082 82460 93267 2230 12342 38921 37914 31465 64757 60172 60646 20947
5639 20
83004 9399 37394 98037 54255 56052 40505 35423 36910 48368 80119 34598 47904 3492 93994 10915 5820 18113 6993 24597
2596 18
7317 89768 27348 13673 39432 55132 81132 77235 62448 85984 61967 92388 99555 99463 76435 8770 34838 27542
9985 19
5474 86708 18118 81477 352 4521 35989 46976 95315 39791 81469 57997 13262 43277 94829 27065 44342 31641 71651
333 20
14167 54340 66077 85210 26728 17375 77281 65703 629 56452 98009 16094 42018 2253 22979 83552 66274 28898 43130 56312
9277 19
1677 26618 75269 1404 82049 17950 76296 52765 8730 24431 95698 61344 85535 32901 69537 16941 98478 71851 4990
6468 20
33024 70998 45359 12308 38772 52653 39842 6743 5418 29476 93445 84678 60710 2730 43956 85490 3664 15038 81275 68680
1586 18
81029 99143 6839 75129 64819 9184 72033 30002 45853 5425 37911 98168 70460 46358 59150 79629 91872 42446
3445 20
66283 33382 27253 4892 85296 42696 86625 37423 51247 4035 64997 96884 38675 81792 34801 54121 21852 67596 44515 61680
2666 17
60452 33667 95190 24085 55114 76598 18220 26796 86730 77976 53405 78768 88819 25484 4386 15898 29143
1692 19
12711 1643 13679 51199 17111 19384 56466 87509 26326 75801 36480 56858 93036 97683 93935 68516 3721 44581 45606
6258 20
49500 39742 89297 18166 64880 80381 99517 1626 78186 91261 6905 56382 52036 4743 61990 40405 79538 86338 18399 2681
6715 18
49510 35878 70288 96008 95314 69349 9544 68116 94724 34769 3598 98111 21077 26822 67956 75926 92033 1147
1725 19
64105 96309 75688 47773 20639 19198 72812 21222 51028 74978 58216 11418 37583 83499 73196 83255 23399 47814 98779
7793 19
18067 20711 64014 73878 76578 94310 76605 61304 85846 72487 19140 71042 58735 45180 32914 74441 72328 31285 32793
7050 20
40683 53270 34199 11958 13613 79055 21397 37230 63853 85014 54619 37315 66657 45019 41269 57452 39815 35575 6540 84806
9359 19
50397 81348 3917 72169 73996 63696 8847 27446 76616 89808 35104 13330 82061 64099 1087 25878 16230 34050 68912
8405 20
62327 27052 75782 94531 17767 8937 4455 85493 2869 15557 21434 14680 23404 86386 54822 29265 35887 70616 55744 11318
9847 20
40102 83320 49572 53569 25360 76930 96190 11764 81346 98774 83562 67470 90236 51583 42249 34886 31148 86436 37905 85170
9060 19
91847 85768 78524 17460 75184 15588 49125 82115 58438 32288 73534 30539 2832 39421 51498 28418 47744 3631 21954
6350 20
85008 91967 95651 12098 22137 74719 90683 29478 88930 95079 29897 28244 80162 13595 77825 51631 91017 93115 48297 81013
6408 20
96625 7013 45766 95538 68047 97811 75829 96312 67157 20727 72073 75512 35842 89199 1689 71706 26662 93948 88726 28955
9695 18
7619 74651 53855 93660 27191 17474 84490 29084 15416 90790 47087 41934 35482 45783 24698 20718 21064 65462
9980 19
18809 65687 95073 65284 93626 67749 26187 62181 7725 54620 13131 29629 75845 64647 76719 71117 27823 678 90109
165 19
28355 77458 56855 70232 6338 37089 76135 82111 81958 57068 78531 78600 71402 77356 91426 51720 33518 88798 29967
532 18
79778 40565 28371 41915 91636 89500 22798 44285 86400 83846 4761 50729 75534 92286 9513 78986 55620 67734
9221 19
19985 76388 57012 67088 26344 74554 24514 52725 70487 25306 29873 90500 83297 88825 86722 93774 8245 88738 84026
6550 19
94970 97138 10051 31067 35700 49892 65313 11530 97857 7958 63103 33058 12759 93066 80912 57286 85050 57527 16395
8531 20
36364 65222 51681 81979 18210 29678 47191 64312 76901 98543 52444 87376 36051 95539 179 1931 63130 30210 45256 31881
6588 20
60125 88210 75995 48982 50826 19537 49067 50809 42352 7618 98341 66794 1988 82960 38766 2159 75758 37636 47631 36766
3301 20
25109 89106 1990 31788 8738 16442 96993 19561 40547 4023 4947 19556 38908 92476 2972 87044 71697 17449 35755 70229
2253 20
47500 16297 89202 55119 96855 41436 89178 25107 71521 225 15369 16480 77523 73192 43078 40755 97419 15113 37203 92577
415 20
35379 51182 35870 4159 54775 81386 89686 23893 14555 51525 38207 31832 27588 20048 32142 48942 61405 5888 33165 16613
5036 20
45519 13644 9900 31959 77929 18083 92696 30645 39903 579 40914 46328 29604 39032 53126 58639 85664 13524 52674 35359
1065 19
91882 78289 77947 87160 93966 56400 73016 9015 76483 33295 54970 36080 88148 59899 39346 28543 50281 9836 95946
243 20
19979 33857 28617 40821 14463 90322 25516 34016 48340 91767 43824 22596 8039 67052 66764 81411 3667 4157 85694 27509
4172 20
73170 93456 37227 64796 25870 61291 89841 1809 375 9431 34144 24224 24564 76277 81230 95094 67135 87093 11279 76947
3240 19
3239 58788 31252 88967 70624 24970 41151 63771 48404 40965 66073 12530 2140 28472 60493 95905 75140 59117 31503
6718 20
1672 46024 22505 73545 25050 86973 45002 49208 90174 65227 90812 48788 6306 76171 14462 5870 84004 21013 38427 11486
6688 20
90381 31997 9103 92751 36135 89247 91244 61095 94490 83085 81121 55025 49367 22578 31119 91570 64789 82872 79150 31499
5883 18
30065 39790 85585 68537 87478 36814 46693 31854 52764 4846 64138 84184 83191 7641 43798 97060 16870 5749
1946 19
70491 94057 45740 94673 81283 16007 59859 37602 26043 18216 61933 5055 39379 72024 93984 43211 70889 6934 34940
1418 20
36158 48647 41546 56241 70987 26719 80455 76551 90864 37168 45974 40677 20226 76713 5959 55364 49730 16675 56066 84881
3313 19
29810 15087 78315 39101 21240 55400 69247 27001 16056 61534 27145 76838 97791 29372 86764 13500 54001 15393 12670
4024 19
7872 61395 25713 85138 67415 74750 62073 56000 97843 47185 88984 40333 56147 96867 71537 67597 74278 70994 71113
8964 20
35362 76338 17605 96959 31142 83880 15675 80136 97490 80145 58163 43860 4600 93683 75538 88448 9849 9673 53561 64755
2392 19
5874 45798 19690 49985 38070 61950 20247 62322 49173 24706 50451 13110 27503 42608 61279 9482 48016 60584 95757
4040 20
11924 65694 63898 82759 22430 21499 45873 96219 66779 8867 26095 52041 98640 99214 67458 30424 14432 12231 34899 89659
6937 20
47247 80846 36164 97743 63659 60107 85692 33859 15426 26012 90470 2814 96138 64550 20272 89923 62652 44769 62072 6552
2495 20
66336 26985 27764 47549 14896 65060 1722 76494 45994 4707 68844 22049 36009 98988 48434 86643 75157 92082 65423 86359
6236 20
95663 46152 72514 89336 26472 37495 85494 74537 49075 71100 43916 88550 89773 67257 89011 6736 31748 23755 21997 97316
2708 20
82422 96552 64931 14008 43114 57484 96343 58419 14779 73774 28024 34517 74184 39506 42940 56282 37677 83932 46311 75651
5371 20
88714 19200 13317 148 92326 92824 6973 62941 27757 76146 30254 36848 49611 67048 59805 44981 16987 17832 64207 70107
1841 20
90937 21689 9497 77503 10323 76892 6586 92269 37199 57389 95102 31189 3036 8138 84061 89534 99961 47022 66478 2761
7485 20
83709 66322 62708 92488 45375 26815 71957 12622 91006 11459 74992 36115 1530 97948 78824 23497 17261 75863 24630 93074
1356 20
83283 52190 15920 49706 73445 89796 56979 77787 40507 61543 74453 98328 70779 1718 66975 63860 7850 57786 74656 13975
1071 20
6887 32627 63642 95206 40591 6476 24067 16958 95131 95444 51129 54740 72878 71649 69803 58381 18563 37300 93264 15724
8903 20
41038 78859 97455 23782 2106 57343 25647 18017 68033 15826 34201 36675 72762 85260 57029 99759 89694 97548 32021 27919
6370 20
33734 46583 32239 88380 37690 427 18097 91160 34253 32566 93433 93870 94898 3501 84683 48312 43840 60385 40362 25601
5628 19
56090 50978 93725 65347 49668 70848 2466 37945 98738 42200 62968 70865 4356 65848 60959 19434 77697 42494 20184
7637 19
97166 81221 63042 72436 14319 64449 3599 55467 90300 63221 13345 8429 44301 28763 57007 81661 11312 76630 48679
1708 19
97263 47750 16336 30138 30200 67395 79508 35718 63266 45679 73555 85474 42746 13969 55210 93112 5363 7109 30026
6217 19
85806 11473 26532 3693 67029 69296 45158 23486 24966 76904 31558 13626 94618 42311 21660 12635 35640 39143 48716
6132 20
99616 78304 70159 22965 91995 35404 3129 31537 49399 7367 98166 82418 31414 24486 53964 86473 72999 51697 26482 70814
3050 15
17096 7507 80440 89911 31709 57053 20053 55851 41617 50044 77035 69020 63291 14042 20139
1008 18
46188 13092 78515 57938 96445 27054 27777 51508 31576 49419 2818 52669 78428 65480 95842 84098 56557 16964
1379 19
40691 18061 99303 79392 94194 6759 29568 50974 50975 70157 13597 5584 98744 30402 54450 35731 91675 33885 26558
4871 20
920 12492 79041 29616 42134 2030 52743 10014 55914 11543 58146 68337 17652 50357 83073 18945 98377 17164 66996 72701
7533 19
22825 20309 50358 49380 37097 54296 32632 52756 12511 52024 46742 95154 70435 43745 69426 43403 61163 87845 45926
1766 19
24458 53596 67168 81273 52409 79777 72289 74387 61094 13224 69757 77826 50775 75892 6660 93776 75696 12421 554
7984 19
27980 44930 57104 7690 57279 6981 38861 91557 40900 55615 78896 88120 97991 96995 83098 98660 59248 60574 56008