Start Beam Search
===== 1 =====
- k_list
[(370281, 10579.457142857143, [694]), (341170, 11372.333333333334, [210]), (389728, 12571.870967741936, [204])]
- max score
389728
===== 2 =====
- k_list
[(708166, 11262.833333333334, [694, 210]), (727314, 12456.258064516129, [210, 204]), (756115, 12446.258064516129, [694, 204])]
- max score
756115
===== 3 =====
- k_list
[(1090416, 10374.342857142858, [210, 204, 694]), (1090416, 11143.366666666667, [694, 204, 210]), (1090416, 12330.645161290322, [694, 210, 204])]
- max score
1090416
===== 4 =====
- k_list
[(1466329, 9168.609756097561, [210, 204, 694, 719]), (1466329, 9168.609756097561, [694, 210, 204, 719]), (1466329, 9168.609756097561, [694, 204, 210, 719])]
- max score
1466329
===== 5 =====
- k_list
[(1776739, 8389.45945945946, [210, 204, 694, 719, 595]), (1776739, 8389.45945945946, [694, 204, 210, 719, 595]), (1776739, 8389.45945945946, [694, 210, 204, 719, 595])]
- max score
1776739
===== 6 =====
- k_list
[(2142601, 8130.266666666666, [210, 204, 694, 719, 595, 774]), (2142601, 8130.266666666666, [694, 204, 210, 719, 595, 774]), (2142601, 8130.266666666666, [694, 210, 204, 719, 595, 774])]
- max score
2142601
===== 7 =====
- k_list
[(2504996, 8053.222222222223, [210, 204, 694, 719, 595, 774, 901]), (2504996, 8053.222222222223, [694, 210, 204, 719, 595, 774, 901]), (2504996, 8053.222222222223, [694, 204, 210, 719, 595, 774, 901])]
- max score
2504996
===== 8 =====
- k_list
[(2822219, 7930.575, [210, 204, 694, 719, 595, 774, 901, 618]), (2822219, 7930.575, [694, 210, 204, 719, 595, 774, 901, 618]), (2822219, 7930.575, [694, 204, 210, 719, 595, 774, 901, 618])]
- max score
2822219
===== 9 =====
- k_list
[(3186811, 7595.666666666667, [210, 204, 694, 719, 595, 774, 901, 618, 422]), (3186811, 7595.666666666667, [694, 210, 204, 719, 595, 774, 901, 618, 422]), (3186811, 7595.666666666667, [694, 204, 210, 719, 595, 774, 901, 618, 422])]
- max score
3186811
===== 10 =====
- k_list
[(3466071, 7547.5675675675675, [210, 204, 694, 719, 595, 774, 901, 618, 422, 369]), (3466071, 7547.5675675675675, [694, 204, 210, 719, 595, 774, 901, 618, 422, 369]), (3466071, 7547.5675675675675, [694, 210, 204, 719, 595, 774, 901, 618, 422, 369])]
- max score
3466071
===== 11 =====
- k_list
[(3757348, 7281.925, [210, 204, 694, 719, 595, 774, 901, 618, 422, 369, 312]), (3757348, 7281.925, [694, 204, 210, 719, 595, 774, 901, 618, 422, 369, 312]), (3757348, 7281.925, [694, 210, 204, 719, 595, 774, 901, 618, 422, 369, 312])]
- max score
3757348
===== 12 =====
- k_list
[(4109397, 7184.673469387755, [210, 204, 694, 719, 595, 774, 901, 618, 422, 369, 312, 622]), (4109397, 7184.673469387755, [694, 204, 210, 719, 595, 774, 901, 618, 422, 369, 312, 622]), (4109397, 7184.673469387755, [694, 210, 204, 719, 595, 774, 901, 618, 422, 369, 312, 622])]
- max score
4109397
===== 13 =====
- k_list
[(4465147, 6975.490196078431, [210, 204, 694, 719, 595, 774, 901, 618, 422, 369, 312, 622, 672]), (4465147, 6975.490196078431, [694, 204, 210, 719, 595, 774, 901, 618, 422, 369, 312, 622, 672]), (4465147, 6975.490196078431, [694, 210, 204, 719, 595, 774, 901, 618, 422, 369, 312, 622, 672])]
- max score
4465147
===== 14 =====
- k_list
[(4750575, 6795.9047619047615, [210, 204, 694, 719, 595, 774, 901, 618, 422, 369, 312, 622, 672, 828]), (4750575, 6795.9047619047615, [694, 210, 204, 719, 595, 774, 901, 618, 422, 369, 312, 622, 672, 828]), (4750575, 6795.9047619047615, [694, 204, 210, 719, 595, 774, 901, 618, 422, 369, 312, 622, 672, 828])]
- max score
4750575
===== 15 =====
- k_list
[(4959239, 6520.75, [210, 204, 694, 719, 595, 774, 901, 618, 422, 369, 312, 622, 672, 828, 454]), (4959239, 6520.75, [694, 204, 210, 719, 595, 774, 901, 618, 422, 369, 312, 622, 672, 828, 454]), (4959239, 6520.75, [694, 210, 204, 719, 595, 774, 901, 618, 422, 369, 312, 622, 672, 828, 454])]
- max score
4959239
===== 16 =====
- k_list
[(5124379, 5327.096774193548, [210, 204, 694, 719, 595, 774, 901, 618, 422, 369, 312, 622, 672, 828, 454, 112]), (5124379, 5327.096774193548, [694, 210, 204, 719, 595, 774, 901, 618, 422, 369, 312, 622, 672, 828, 454, 112]), (5124379, 5327.096774193548, [694, 204, 210, 719, 595, 774, 901, 618, 422, 369, 312, 622, 672, 828, 454, 112])]
- max score
5124379
===== 17 =====
- k_list
[(5242077, 3097.315789473684, [210, 204, 694, 719, 595, 774, 901, 618, 422, 369, 312, 622, 672, 828, 454, 112, 773]), (5242077, 3097.315789473684, [694, 210, 204, 719, 595, 774, 901, 618, 422, 369, 312, 622, 672, 828, 454, 112, 773]), (5242077, 3097.315789473684, [694, 204, 210, 719, 595, 774, 901, 618, 422, 369, 312, 622, 672, 828, 454, 112, 773])]
- max score
5242077
17 図書館
12993 冊
5,242,077
